MAP_X 16
MAP_Y 16
MAX_VALUE 1.0
MIN_VALUE 0.0
DATA [[0.15780802071, 0.19231198728, 0.44446203113], [0.73193359375, 0.78076171875, 0.849609375], [0.55092144012, 0.60840880871, 0.6063182354], [0.41033962369, 0.15188232064, 0.59330385923], [0.13208007812, 0.6328125, 0.94775390625], [0.32275390625, 0.092712402344, 0.76318359375], [0.12164019048, 0.088453061879, 0.094277024269], [0.759765625, 0.23193359375, 0.22265625], [0.7695749402, 0.9779676795, 0.65800774097], [0.20606659353, 0.11400225759, 0.316806674], [0.80339539051, 0.026618348435, 0.69940525293], [0.53974789381, 0.50884699821, 0.027779854834], [0.68269175291, 0.78412777185, 0.53772705793], [0.62255859375, 0.41918945312, 0.91357421875], [0.59620827436, 0.44642752409, 0.031436346471], [0.72175055742, 0.21125209332, 0.87670052052], [0.76773864031, 0.18110460043, 0.010779520497], [0.74513840675, 0.16702903807, 0.49513888359], [0.068332836032, 0.24901860952, 0.89056932926], [0.15649417043, 0.93840706348, 0.98670256138], [0.70458984375, 0.3232421875, 0.6796875], [0.18873524666, 0.087712600827, 0.59404939413], [0.40118849277, 0.62923365831, 0.89110410213], [0.92248338461, 0.77970689535, 0.21844388545], [0.47534179688, 0.10333251953, 0.015960693359], [0.86068063974, 0.74824929237, 0.43884029984], [0.12561035156, 0.32275390625, 0.3603515625], [0.072631835938, 0.35400390625, 0.38330078125], [0.046173095703, 0.75244140625, 0.3076171875], [0.8681640625, 0.19946289062, 0.02961730957], [0.065734863281, 0.8623046875, 0.044250488281], [0.93501389027, 0.59132772684, 0.90456843376], [0.767578125, 0.7158203125, 0.34985351562], [0.12215203047, 0.062200658023, 0.79586470127], [0.9599609375, 0.17333984375, 0.87548828125], [0.054321289062, 0.13952636719, 0.37182617188], [0.96108645201, 0.26017645001, 0.64990758896], [0.018417358398, 0.046936035156, 0.5341796875], [0.10131835938, 0.87841796875, 0.042205810547], [0.28683409095, 0.015015666373, 0.10795502365], [0.47465163469, 0.60068356991, 0.96684145927], [0.40501850843, 0.76741921902, 0.52019828558], [0.053074959666, 0.75245296955, 0.29467564821], [0.94217485189, 0.16946594417, 0.4621976018], [0.12097167969, 0.017623901367, 0.20349121094], [0.94824284315, 0.55935174227, 0.14233113825], [0.11606086046, 0.61892998219, 0.0077779400162], [0.3076171875, 0.69482421875, 0.40112304688], [0.33990317583, 0.66027790308, 0.14129270613], [0.012738017365, 0.61430382729, 0.32120642066], [0.20153471828, 0.59884089231, 0.02916925028], [0.1788135469, 0.13918887079, 0.49956184626], [0.082946777344, 0.16821289062, 0.130859375], [0.9734031558, 0.5889274478, 0.7166441083], [0.39841407537, 0.88869541883, 0.27728110552], [0.69465994835, 0.098223514855, 0.58219534159], [0.29195079207, 0.95961517096, 0.41154810786], [0.4387601316, 0.42444053292, 0.97503656149], [0.79296278954, 0.94096291065, 0.50392889977], [0.24263642728, 0.79102325439, 0.80488085747], [0.6220703125, 0.60791015625, 0.48852539062], [0.1349055171, 0.19845029712, 0.36016458273], [0.517578125, 0.38793945312, 0.057800292969], [0.79492115974, 0.13896358013, 0.80899405479], [0.43925306201, 0.45475816727, 0.24344913661], [0.38916015625, 0.65966796875, 0.17651367188], [0.70941215754, 0.57835412025, 0.35585418344], [0.86114633083, 0.65818095207, 0.40225711465], [0.16962896287, 0.76411026716, 0.30177614093], [0.82946109772, 0.07648549974, 0.034640852362], [0.042206663638, 0.92809611559, 0.44987469912], [0.20468708873, 0.64448231459, 0.22224418819], [0.084106445312, 0.521484375, 0.37744140625], [0.22758620977, 0.15800745785, 0.37733381987], [0.92741429806, 0.96602028608, 0.85268777609], [0.17706657946, 0.91707408428, 0.68083626032], [0.32651671767, 0.03700774163, 0.59227520227], [0.5630312562, 0.48919862509, 0.69641387463], [0.64258247614, 0.49365663528, 0.19724717736], [0.15979003906, 0.80908203125, 0.20556640625], [0.74753338099, 0.66335940361, 0.54009860754], [0.44702148438, 0.18176269531, 0.56396484375], [0.70765948296, 0.16954435408, 0.36797016859], [0.91872727871, 0.69060695171, 0.98321008682], [0.049921553582, 0.70141947269, 0.36697790027], [0.040695961565, 0.2886300981, 0.56284075975], [0.12016309053, 0.18769139051, 0.13283966482], [0.75614190102, 0.14727932215, 0.76873540878], [0.033697534353, 0.53363519907, 0.88533198833], [0.18237751722, 0.064878538251, 0.80920052528], [0.44734290242, 0.12528255582, 0.99315625429], [0.10076904297, 0.681640625, 0.80224609375], [0.082069903612, 0.93015533686, 0.55026519299], [0.5791015625, 0.47705078125, 0.11553955078], [0.23571777344, 0.279296875, 0.453125], [0.998046875, 0.984375, 0.57861328125], [0.73846280575, 0.063412085176, 0.61749666929], [0.10867244005, 0.1444324851, 0.72437959909], [0.94454675913, 0.54089182615, 0.58543252945], [0.23484796286, 0.69003719091, 0.96334564686], [0.68824017048, 0.99013984203, 0.73100376129], [0.40368691087, 0.94482314587, 0.05927003175], [0.016702055931, 0.79489594698, 0.24141915143], [0.4208984375, 0.83447265625, 0.043975830078], [0.77234810591, 0.77680891752, 0.16317251325], [0.11938191205, 0.23396676779, 0.42100411654], [0.90459132195, 0.22146193683, 0.61422359943], [0.28198242188, 0.14562988281, 0.35400390625], [0.31481900811, 0.96080106497, 0.23994468153], [0.69226849079, 0.56195896864, 0.19514589012], [0.92135906219, 0.028168892488, 0.77886223793], [0.69099909067, 0.11327283084, 0.13594277203], [0.599609375, 0.39575195312, 0.48486328125], [0.14892578125, 0.8974609375, 0.055084228516], [0.56298828125, 0.49487304688, 0.0830078125], [0.51538681984, 0.60134422779, 0.30269548297], [0.78369140625, 0.16479492188, 0.68896484375], [0.98788136244, 0.23826023936, 0.5805593729], [0.66920793056, 0.89520949125, 0.2932343781], [0.13823398948, 0.72058010101, 0.79609584808]]
OBSTACLE [[0, 6, 4, 2], [4, 4, 2, 6], [8, 0, 2, 4], [7, 4, 4, 2], [12, 4, 2, 6], [14, 6, 2, 2], [7, 10, 4, 2], [8, 12, 2, 4]]
STATION [[0.5625, 0.5], [0.125, 0.875], [0.875, 0.875], [0.875, 0.125], [0.125, 0.125]]
CHANNEL 3
NUM_UAV 2
INIT_POSITION (0, 9, 8)
MAX_ENERGY 40.0
NUM_ACTION 2
SAFE_ENERGY_RATE 0.2
RANGE 1.0
MAXDISTANCE 1.0
COLLECTION_PROPORTION 0.2
FILL_PROPORTION 0.2
WALL_REWARD -1.0
VISIT 0.001
DATA_REWARD 1.0
FILL_REWARD 1.0
ALPHA 1.0
BETA 0.1
EPSILON 0.0001
NORMALIZE 0.1
FACTOR 0.1
DiscreteToContinuous [[-1.0, -1.0], [-1.0, -0.5], [-1.0, 0.0], [-1.0, 0.5], [-1.0, 1.0], [-0.5, -1.0], [-0.5, -0.5], [-0.5, 0.0], [-0.5, 0.5], [-0.5, 1.0], [0.0, -1.0], [0.0, -0.5], [0.0, 0.0], [0.0, 0.5], [0.0, 1.0], [0.5, -1.0], [0.5, -0.5], [0.5, 0.0], [0.5, 0.5], [0.5, 1.0], [1.0, -1.0], [1.0, -0.5], [1.0, 0.0], [1.0, 0.5], [1.0, 1.0]]
[[0.15780802 0.19231199 0.44446203]
 [0.7319336  0.7807617  0.8496094 ]
 [0.55092144 0.6084088  0.60631824]
 [0.41033962 0.15188232 0.59330386]
 [0.13208008 0.6328125  0.9477539 ]
 [0.3227539  0.0927124  0.7631836 ]
 [0.12164019 0.08845306 0.09427702]
 [0.7597656  0.2319336  0.22265625]
 [0.76957494 0.9779677  0.65800774]
 [0.2060666  0.11400226 0.31680667]
 [0.8033954  0.02661835 0.69940525]
 [0.5397479  0.508847   0.02777985]
 [0.68269175 0.7841278  0.53772706]
 [0.6225586  0.41918945 0.9135742 ]
 [0.5962083  0.44642752 0.03143635]
 [0.72175056 0.2112521  0.8767005 ]
 [0.76773864 0.1811046  0.01077952]
 [0.7451384  0.16702904 0.49513888]
 [0.06833284 0.24901861 0.8905693 ]
 [0.15649417 0.93840706 0.98670256]
 [0.70458984 0.3232422  0.6796875 ]
 [0.18873525 0.0877126  0.5940494 ]
 [0.4011885  0.62923366 0.8911041 ]
 [0.9224834  0.7797069  0.21844389]
 [0.4753418  0.10333252 0.01596069]
 [0.86068064 0.7482493  0.4388403 ]
 [0.12561035 0.3227539  0.36035156]
 [0.07263184 0.3540039  0.38330078]
 [0.0461731  0.7524414  0.3076172 ]
 [0.86816406 0.19946289 0.02961731]
 [0.06573486 0.8623047  0.04425049]
 [0.9350139  0.5913277  0.90456843]
 [0.7675781  0.7158203  0.34985352]
 [0.12215203 0.06220066 0.7958647 ]
 [0.95996094 0.17333984 0.8754883 ]
 [0.05432129 0.13952637 0.37182617]
 [0.96108645 0.26017645 0.6499076 ]
 [0.01841736 0.04693604 0.5341797 ]
 [0.10131836 0.87841797 0.04220581]
 [0.2868341  0.01501567 0.10795502]
 [0.47465163 0.60068357 0.96684146]
 [0.4050185  0.7674192  0.5201983 ]
 [0.05307496 0.75245297 0.29467565]
 [0.94217485 0.16946594 0.4621976 ]
 [0.12097168 0.0176239  0.20349121]
 [0.94824284 0.55935174 0.14233114]
 [0.11606086 0.61893    0.00777794]
 [0.3076172  0.6948242  0.40112305]
 [0.33990318 0.6602779  0.1412927 ]
 [0.01273802 0.6143038  0.32120642]
 [0.20153472 0.5988409  0.02916925]
 [0.17881355 0.13918887 0.49956185]
 [0.08294678 0.16821289 0.13085938]
 [0.97340316 0.58892745 0.7166441 ]
 [0.39841408 0.8886954  0.2772811 ]
 [0.69465995 0.09822351 0.58219534]
 [0.2919508  0.9596152  0.4115481 ]
 [0.43876013 0.42444053 0.97503656]
 [0.7929628  0.9409629  0.5039289 ]
 [0.24263643 0.79102325 0.80488086]
 [0.6220703  0.60791016 0.4885254 ]
 [0.13490552 0.1984503  0.36016458]
 [0.5175781  0.38793945 0.05780029]
 [0.79492116 0.13896358 0.80899405]
 [0.43925306 0.45475817 0.24344914]
 [0.38916016 0.65966797 0.17651367]
 [0.70941216 0.5783541  0.35585418]
 [0.86114633 0.65818095 0.4022571 ]
 [0.16962896 0.76411027 0.30177614]
 [0.8294611  0.0764855  0.03464085]
 [0.04220666 0.9280961  0.4498747 ]
 [0.20468709 0.6444823  0.22224419]
 [0.08410645 0.5214844  0.3774414 ]
 [0.22758621 0.15800746 0.37733382]
 [0.9274143  0.9660203  0.8526878 ]
 [0.17706658 0.9170741  0.68083626]
 [0.32651672 0.03700774 0.5922752 ]
 [0.56303126 0.48919863 0.6964139 ]
 [0.6425825  0.49365664 0.19724718]
 [0.15979004 0.80908203 0.2055664 ]
 [0.7475334  0.6633594  0.5400986 ]
 [0.44702148 0.1817627  0.56396484]
 [0.7076595  0.16954435 0.36797017]
 [0.9187273  0.69060695 0.9832101 ]
 [0.04992155 0.7014195  0.3669779 ]
 [0.04069596 0.2886301  0.56284076]
 [0.12016309 0.18769139 0.13283966]
 [0.7561419  0.14727932 0.7687354 ]
 [0.03369753 0.5336352  0.885332  ]
 [0.18237752 0.06487854 0.8092005 ]
 [0.4473429  0.12528256 0.99315625]
 [0.10076904 0.6816406  0.8022461 ]
 [0.0820699  0.93015534 0.5502652 ]
 [0.57910156 0.47705078 0.11553955]
 [0.23571777 0.27929688 0.453125  ]
 [0.9980469  0.984375   0.5786133 ]
 [0.7384628  0.06341209 0.61749667]
 [0.10867244 0.14443249 0.7243796 ]
 [0.94454676 0.5408918  0.5854325 ]
 [0.23484796 0.6900372  0.96334565]
 [0.6882402  0.99013984 0.73100376]
 [0.4036869  0.94482315 0.05927003]
 [0.01670206 0.79489595 0.24141915]
 [0.42089844 0.83447266 0.04397583]
 [0.7723481  0.7768089  0.16317251]
 [0.11938191 0.23396677 0.42100412]
 [0.9045913  0.22146194 0.6142236 ]
 [0.28198242 0.14562988 0.3540039 ]
 [0.314819   0.96080106 0.23994468]
 [0.6922685  0.56195897 0.19514589]
 [0.92135906 0.02816889 0.77886224]
 [0.6909991  0.11327283 0.13594277]
 [0.5996094  0.39575195 0.48486328]
 [0.14892578 0.89746094 0.05508423]
 [0.5629883  0.49487305 0.08300781]
 [0.5153868  0.6013442  0.30269548]
 [0.7836914  0.16479492 0.68896484]
 [0.98788136 0.23826024 0.5805594 ]
 [0.66920793 0.8952095  0.29323438]
 [0.13823399 0.7205801  0.79609585]]
[[0.5625 0.5   ]
 [0.125  0.875 ]
 [0.875  0.875 ]
 [0.875  0.125 ]
 [0.125  0.125 ]]
