MAP_X 16
MAP_Y 16
MAX_VALUE 1.0
MIN_VALUE 0.0
DATA [[0.93350529671, 0.54708832502, 0.50767570734], [0.95251280069, 0.25638392568, 0.69198834896], [0.56005859375, 0.9541015625, 0.626953125], [0.8741979599, 0.85028082132, 0.81686168909], [0.48187148571, 0.41367086768, 0.96806663275], [0.54205101728, 0.68218654394, 0.85014086962], [0.54668241739, 0.13659659028, 0.62437742949], [0.95654296875, 0.34228515625, 0.373046875], [0.57373046875, 0.18005371094, 0.13073730469], [0.71533203125, 0.6875, 0.016540527344], [0.60439062119, 0.5889981389, 0.56062364578], [0.35352683067, 0.30059430003, 0.076275788248], [0.71720594168, 0.98838031292, 0.011766993441], [0.055935494602, 0.79027104378, 0.70039230585], [0.53662109375, 0.87451171875, 0.443359375], [0.096675075591, 0.45386600494, 0.27273228765], [0.26072266698, 0.29622876644, 0.39729332924], [0.50384998322, 0.32798725367, 0.27250358462], [0.21460145712, 0.79210805893, 0.55907016993], [0.85817098618, 0.7614107728, 0.37494155765], [0.83068245649, 0.60167592764, 0.95585632324], [0.0010729456553, 0.5552008152, 0.55346691608], [0.47960567474, 0.022229019552, 0.54145169258], [0.41979312897, 0.70656394958, 0.29809197783], [0.4365234375, 0.466796875, 0.7802734375], [0.50319987535, 0.86306887865, 0.013265348971], [0.07954646647, 0.58844178915, 0.14683331549], [0.52197283506, 0.038851469755, 0.30186998844], [0.50007277727, 0.042995609343, 0.91739630699], [0.31674796343, 0.29753214121, 0.6397075057], [0.51383113861, 0.57541900873, 0.80089372396], [0.32006835938, 0.34692382812, 0.8466796875], [0.628464818, 0.68715381622, 0.86426913738], [0.46443471313, 0.85191088915, 0.93734502792], [0.40278851986, 0.46376386285, 0.36509937048], [0.28825366497, 0.60052698851, 0.50974088907], [0.64242571592, 0.86560922861, 0.004444044549], [0.4521484375, 0.53857421875, 0.45385742188], [0.83390784264, 0.9255117774, 0.53857266903], [0.019913015887, 0.50912469625, 0.31191080809], [0.27230709791, 0.43546441197, 0.14698298275], [0.033727057278, 0.18875579536, 0.55770337582], [0.23981575668, 0.40571925044, 0.37762629986], [0.6728515625, 0.673828125, 0.31420898438], [0.72690409422, 0.7902559638, 0.22711205482], [0.23642703891, 0.42693558335, 0.045015849173], [0.30528306961, 0.44955226779, 0.72806209326], [0.92560565472, 0.83157020807, 0.71453100443], [0.39184570312, 0.79443359375, 0.482421875], [0.45068359375, 0.094665527344, 0.58203125], [0.9193906188, 0.54742431641, 0.4579615593], [0.35448777676, 0.23601330817, 0.4770052433], [0.9697265625, 0.75048828125, 0.80029296875], [0.67219787836, 0.87936913967, 0.059179730713], [0.07560069114, 0.2588480711, 0.85705578327], [0.030363669619, 0.2415985018, 0.4687924087], [0.34140253067, 0.43676117063, 0.24931427836], [0.9840824008, 0.41168251634, 0.19819253683], [0.031687833369, 0.28292027116, 0.18585039675], [0.54250633717, 0.19829694927, 0.1388463378], [0.4232147336, 0.18648284674, 0.49103170633], [0.51892316341, 0.41078746319, 0.47292673588], [0.031864061952, 0.62946975231, 0.91325134039], [0.23955132067, 0.86890208721, 0.43015444279], [0.42056712508, 0.14627343416, 0.73360979557], [0.41109988093, 0.45403513312, 0.43501389027], [0.49867254496, 0.54625117779, 0.45612257719], [0.97358554602, 0.45867547393, 0.98472803831], [0.99953377247, 0.36550661922, 0.73492354155], [0.79837304354, 0.76175218821, 0.57084804773], [0.46454378963, 0.86895167828, 0.40167567134], [0.95285022259, 0.17998613417, 0.54215681553], [0.3384436667, 0.207122311, 0.2754329741], [0.95865565538, 0.37357762456, 0.047680310905], [0.4725189507, 0.89922326803, 0.72908955812], [0.68993782997, 0.57377690077, 0.89005243778], [0.986328125, 0.478515625, 0.049957275391], [0.71921211481, 0.57501530647, 0.30253911018], [0.50244140625, 0.42822265625, 0.97607421875], [0.92126983404, 0.68817228079, 0.96985715628], [0.9267578125, 0.10168457031, 0.58740234375], [0.27246063948, 0.95279073715, 0.55666023493], [0.5888671875, 0.52685546875, 0.12396240234], [0.59422111511, 0.32241928577, 0.6223834157], [0.04957664758, 0.012474691495, 0.56352353096], [0.61557579041, 0.6758942008, 0.17588503659], [0.87890625, 0.923828125, 0.91357421875], [0.35181933641, 0.13632681966, 0.034517794847], [0.33164191246, 0.12818394601, 0.73823297024], [0.9747543931, 0.0051518091932, 0.68385100365], [0.77880859375, 0.76318359375, 0.35595703125], [0.018681731075, 0.21551020443, 0.35957273841], [0.079727575183, 0.12900882959, 0.43094623089], [0.053589303046, 0.68091976643, 0.22870579362], [0.50906670094, 0.44551947713, 0.98407995701], [0.58328074217, 0.85125142336, 0.70768684149], [0.33720129728, 0.72886198759, 0.37784603238], [0.99929988384, 0.49742847681, 0.16749113798], [0.4951171875, 0.974609375, 0.007251739502], [0.51481562853, 0.21520762146, 0.89274227619]]
OBSTACLE [[2, 1, 1, 4], [2, 6, 1, 3], [2, 10, 1, 4], [10, 0, 4, 8]]
STATION [[0.375, 0.5], [0.75, 0.875], [0.75, 0.625], [0.375, 0.125], [0.375, 0.75]]
CHANNEL 3
NUM_UAV 2
INIT_POSITION (0, 8, 10)
MAX_ENERGY 40.0
NUM_ACTION 2
SAFE_ENERGY_RATE 0.2
RANGE 1.0
MAXDISTANCE 1.0
COLLECTION_PROPORTION 0.2
FILL_PROPORTION 0.2
WALL_REWARD -1.0
VISIT 0.001
DATA_REWARD 1.0
FILL_REWARD 1.0
ALPHA 1.0
BETA 0.1
EPSILON 0.0001
NORMALIZE 0.1
FACTOR 0.1
DiscreteToContinuous [[-1.0, -1.0], [-1.0, -0.5], [-1.0, 0.0], [-1.0, 0.5], [-1.0, 1.0], [-0.5, -1.0], [-0.5, -0.5], [-0.5, 0.0], [-0.5, 0.5], [-0.5, 1.0], [0.0, -1.0], [0.0, -0.5], [0.0, 0.0], [0.0, 0.5], [0.0, 1.0], [0.5, -1.0], [0.5, -0.5], [0.5, 0.0], [0.5, 0.5], [0.5, 1.0], [1.0, -1.0], [1.0, -0.5], [1.0, 0.0], [1.0, 0.5], [1.0, 1.0]]
[[0.9335053  0.5470883  0.5076757 ]
 [0.9525128  0.25638393 0.69198835]
 [0.5600586  0.95410156 0.6269531 ]
 [0.87419796 0.8502808  0.8168617 ]
 [0.4818715  0.41367087 0.96806663]
 [0.542051   0.68218654 0.85014087]
 [0.5466824  0.13659659 0.6243774 ]
 [0.95654297 0.34228516 0.37304688]
 [0.57373047 0.18005371 0.1307373 ]
 [0.71533203 0.6875     0.01654053]
 [0.6043906  0.58899814 0.56062365]
 [0.35352683 0.3005943  0.07627579]
 [0.71720594 0.9883803  0.01176699]
 [0.05593549 0.79027104 0.7003923 ]
 [0.5366211  0.8745117  0.44335938]
 [0.09667508 0.453866   0.2727323 ]
 [0.26072267 0.29622877 0.39729333]
 [0.50385    0.32798725 0.27250358]
 [0.21460146 0.79210806 0.55907017]
 [0.858171   0.7614108  0.37494156]
 [0.83068246 0.6016759  0.9558563 ]
 [0.00107295 0.5552008  0.5534669 ]
 [0.47960567 0.02222902 0.5414517 ]
 [0.41979313 0.70656395 0.29809198]
 [0.43652344 0.46679688 0.78027344]
 [0.5031999  0.8630689  0.01326535]
 [0.07954647 0.5884418  0.14683332]
 [0.52197284 0.03885147 0.30187   ]
 [0.5000728  0.04299561 0.9173963 ]
 [0.31674796 0.29753214 0.6397075 ]
 [0.51383114 0.575419   0.8008937 ]
 [0.32006836 0.34692383 0.8466797 ]
 [0.6284648  0.6871538  0.86426914]
 [0.4644347  0.8519109  0.937345  ]
 [0.40278852 0.46376386 0.36509937]
 [0.28825366 0.600527   0.5097409 ]
 [0.6424257  0.8656092  0.00444404]
 [0.45214844 0.5385742  0.45385742]
 [0.83390784 0.9255118  0.53857267]
 [0.01991302 0.5091247  0.3119108 ]
 [0.2723071  0.4354644  0.14698298]
 [0.03372706 0.1887558  0.5577034 ]
 [0.23981576 0.40571925 0.3776263 ]
 [0.67285156 0.6738281  0.31420898]
 [0.7269041  0.79025596 0.22711205]
 [0.23642704 0.42693558 0.04501585]
 [0.30528307 0.44955227 0.7280621 ]
 [0.92560565 0.8315702  0.714531  ]
 [0.3918457  0.7944336  0.48242188]
 [0.4506836  0.09466553 0.58203125]
 [0.9193906  0.5474243  0.45796156]
 [0.35448778 0.23601331 0.47700524]
 [0.96972656 0.7504883  0.80029297]
 [0.6721979  0.87936914 0.05917973]
 [0.07560069 0.25884807 0.8570558 ]
 [0.03036367 0.2415985  0.4687924 ]
 [0.34140253 0.43676117 0.24931428]
 [0.9840824  0.41168252 0.19819254]
 [0.03168783 0.28292027 0.1858504 ]
 [0.54250634 0.19829695 0.13884634]
 [0.42321473 0.18648285 0.4910317 ]
 [0.51892316 0.41078746 0.47292674]
 [0.03186406 0.62946975 0.91325134]
 [0.23955132 0.8689021  0.43015444]
 [0.42056713 0.14627343 0.7336098 ]
 [0.41109988 0.45403513 0.4350139 ]
 [0.49867254 0.5462512  0.45612258]
 [0.97358555 0.45867547 0.98472804]
 [0.9995338  0.36550662 0.73492354]
 [0.79837304 0.7617522  0.57084805]
 [0.4645438  0.8689517  0.40167567]
 [0.9528502  0.17998613 0.5421568 ]
 [0.33844367 0.20712231 0.27543297]
 [0.95865566 0.37357762 0.04768031]
 [0.47251895 0.89922327 0.72908956]
 [0.68993783 0.5737769  0.89005244]
 [0.9863281  0.47851562 0.04995728]
 [0.7192121  0.5750153  0.3025391 ]
 [0.5024414  0.42822266 0.9760742 ]
 [0.92126983 0.6881723  0.96985716]
 [0.9267578  0.10168457 0.58740234]
 [0.27246064 0.95279074 0.55666023]
 [0.5888672  0.52685547 0.1239624 ]
 [0.5942211  0.3224193  0.6223834 ]
 [0.04957665 0.01247469 0.56352353]
 [0.6155758  0.6758942  0.17588504]
 [0.87890625 0.9238281  0.9135742 ]
 [0.35181934 0.13632682 0.03451779]
 [0.3316419  0.12818395 0.738233  ]
 [0.9747544  0.00515181 0.683851  ]
 [0.7788086  0.7631836  0.35595703]
 [0.01868173 0.2155102  0.35957274]
 [0.07972758 0.12900883 0.43094623]
 [0.0535893  0.68091977 0.2287058 ]
 [0.5090667  0.44551948 0.98407996]
 [0.58328074 0.8512514  0.70768684]
 [0.3372013  0.728862   0.37784603]
 [0.9992999  0.49742848 0.16749114]
 [0.4951172  0.9746094  0.00725174]
 [0.5148156  0.21520762 0.8927423 ]]
[[0.375 0.5  ]
 [0.75  0.875]
 [0.75  0.625]
 [0.375 0.125]
 [0.375 0.75 ]]
