MAP_X 16
MAP_Y 16
MAX_VALUE 1.0
MIN_VALUE 0.0
DATA [[0.1760763675, 0.016078123823, 0.021739583462], [0.41706454754, 0.73369014263, 0.42941343784], [0.29377770424, 0.86331063509, 0.86329424381], [0.90953087807, 0.9216196537, 0.025133319199], [0.81591796875, 0.72265625, 0.60302734375], [0.041229248047, 0.958984375, 0.27099609375], [0.85950297117, 0.66164183617, 0.89702272415], [0.06253901124, 0.61076915264, 0.62251931429], [0.75579547882, 0.94993525743, 0.0085613233969], [0.26538085938, 0.77978515625, 0.6494140625], [0.50649613142, 0.88804984093, 0.43902891874], [0.44176128507, 0.67336821556, 0.78330922127], [0.77532845736, 0.40741685033, 0.12967342138], [0.70751953125, 0.057250976562, 0.073364257812], [0.90652292967, 0.70000469685, 0.8520758152], [0.55376672745, 0.69711899757, 0.76037955284], [0.6138471365, 0.072470709682, 0.095637045801], [0.49820205569, 0.86064767838, 0.57583981752], [0.44490745664, 0.25975170732, 0.34359326959], [0.72268664837, 0.42023691535, 0.75241607428], [0.60986328125, 0.10021972656, 0.8388671875], [0.027877807617, 0.025054931641, 0.8935546875], [0.27905273438, 0.91748046875, 0.36376953125], [0.52230572701, 0.66775375605, 0.48760578036], [0.085724756122, 0.66238558292, 0.96061170101], [0.96613502502, 0.96670371294, 0.79367220402], [0.74809110165, 0.73517787457, 0.37247210741], [0.90265405178, 0.72275900841, 0.50407326221], [0.52482748032, 0.088428117335, 0.52934253216], [0.92333984375, 0.9130859375, 0.90283203125], [0.43310546875, 0.89794921875, 0.380859375], [0.47216796875, 0.6171875, 0.16882324219], [0.11489941925, 0.55341082811, 0.61457520723], [0.81538510323, 0.65167582035, 0.50338995457], [0.31101557612, 0.71951347589, 0.25431507826], [0.36628222466, 0.039363630116, 0.81760650873], [0.20308868587, 0.34560897946, 0.21069921553], [0.085388183594, 0.99853515625, 0.24499511719], [0.77099609375, 0.45874023438, 0.37963867188], [0.26611629128, 0.86143016815, 0.18006619811], [0.82185935974, 0.5708604455, 0.37429228425], [0.27296632528, 0.88662815094, 0.77447289228], [0.68656164408, 0.92090904713, 0.33394384384], [0.11010742188, 0.53271484375, 0.11730957031], [0.034826058894, 0.37758207321, 0.76926791668], [0.58160293102, 0.81660586596, 0.33355695009], [0.70358508825, 0.60905599594, 0.12477695942], [0.068639688194, 0.95441693068, 0.83557969332], [0.49484562874, 0.70633882284, 0.1475250721], [0.28198242188, 0.2646484375, 0.404296875], [0.34301757812, 0.646484375, 0.5546875], [0.95241904259, 0.6079852581, 0.96603929996], [0.94376093149, 0.94620668888, 0.13170360029], [0.97101259232, 0.17144262791, 0.71676516533], [0.55116122961, 0.058464288712, 0.30404549837], [0.91748046875, 0.68603515625, 0.2841796875], [0.28374233842, 0.040033135563, 0.96630120277], [0.43045073748, 0.87142860889, 0.12320589274], [0.28208553791, 0.94636237621, 0.57517325878], [0.5546875, 0.13635253906, 0.296875], [0.39698302746, 0.52398043871, 0.33125928044], [0.39721679688, 0.32421875, 0.265625], [0.93690353632, 0.42690563202, 0.64573693275], [0.39021471143, 0.11484791338, 0.62528598309], [0.15224191546, 0.44407716393, 0.54544186592], [0.73528724909, 0.15225021541, 0.70603853464], [0.0302734375, 0.78271484375, 0.11010742188], [0.31469169259, 0.34350496531, 0.41772827506], [0.39147594571, 0.83475708961, 0.27012732625], [0.26205599308, 0.090384177864, 0.37980908155], [0.54443359375, 0.99365234375, 0.48510742188], [0.7679246068, 0.48161569238, 0.44541138411], [0.055333808064, 0.50964570045, 0.9266859293], [0.05958911404, 0.95026612282, 0.88250398636], [0.56884771585, 0.30282899737, 0.13101419806], [0.48769804835, 0.15462552011, 0.15097054839], [0.21667438745, 0.029234381393, 0.97915428877], [0.16857086122, 0.10393381119, 0.42760658264], [0.46025833488, 0.5490322113, 0.27107688785], [0.24202735722, 0.34161806107, 0.26671680808]]
OBSTACLE [[0, 2, 6, 2], [12, 0, 2, 6], [2, 10, 2, 6], [10, 12, 6, 2], [5, 6, 1, 4], [5, 6, 6, 1], [10, 6, 1, 4]]
STATION [[0.5, 0.875], [0.625, 0.125], [0.5, 0.5], [0.125, 0.5], [0.875, 0.625]]
CHANNEL 3
NUM_UAV 2
INIT_POSITION (0, 8, 8)
MAX_ENERGY 40.0
NUM_ACTION 2
SAFE_ENERGY_RATE 0.2
RANGE 1.0
MAXDISTANCE 1.0
COLLECTION_PROPORTION 0.2
FILL_PROPORTION 0.2
WALL_REWARD -1.0
VISIT 0.001
DATA_REWARD 1.0
FILL_REWARD 1.0
ALPHA 1.0
BETA 0.1
EPSILON 0.0001
NORMALIZE 0.1
FACTOR 0.1
DiscreteToContinuous [[-1.0, -1.0], [-1.0, -0.5], [-1.0, 0.0], [-1.0, 0.5], [-1.0, 1.0], [-0.5, -1.0], [-0.5, -0.5], [-0.5, 0.0], [-0.5, 0.5], [-0.5, 1.0], [0.0, -1.0], [0.0, -0.5], [0.0, 0.0], [0.0, 0.5], [0.0, 1.0], [0.5, -1.0], [0.5, -0.5], [0.5, 0.0], [0.5, 0.5], [0.5, 1.0], [1.0, -1.0], [1.0, -0.5], [1.0, 0.0], [1.0, 0.5], [1.0, 1.0]]
[[0.17607637 0.01607812 0.02173958]
 [0.41706455 0.73369014 0.42941344]
 [0.2937777  0.86331064 0.86329424]
 [0.9095309  0.92161965 0.02513332]
 [0.81591797 0.72265625 0.60302734]
 [0.04122925 0.9589844  0.2709961 ]
 [0.859503   0.66164184 0.8970227 ]
 [0.06253901 0.61076915 0.6225193 ]
 [0.7557955  0.94993526 0.00856132]
 [0.26538086 0.77978516 0.64941406]
 [0.50649613 0.88804984 0.43902892]
 [0.44176129 0.6733682  0.7833092 ]
 [0.77532846 0.40741685 0.12967342]
 [0.70751953 0.05725098 0.07336426]
 [0.9065229  0.7000047  0.8520758 ]
 [0.5537667  0.697119   0.76037955]
 [0.61384714 0.07247071 0.09563705]
 [0.49820206 0.8606477  0.5758398 ]
 [0.44490746 0.2597517  0.34359327]
 [0.72268665 0.42023692 0.7524161 ]
 [0.6098633  0.10021973 0.8388672 ]
 [0.02787781 0.02505493 0.8935547 ]
 [0.27905273 0.91748047 0.36376953]
 [0.5223057  0.66775376 0.48760578]
 [0.08572476 0.6623856  0.9606117 ]
 [0.966135   0.9667037  0.7936722 ]
 [0.7480911  0.7351779  0.3724721 ]
 [0.90265405 0.722759   0.50407326]
 [0.5248275  0.08842812 0.52934253]
 [0.92333984 0.91308594 0.90283203]
 [0.43310547 0.8979492  0.38085938]
 [0.47216797 0.6171875  0.16882324]
 [0.11489942 0.5534108  0.6145752 ]
 [0.8153851  0.6516758  0.50338995]
 [0.31101558 0.7195135  0.25431508]
 [0.36628222 0.03936363 0.8176065 ]
 [0.20308869 0.34560898 0.21069922]
 [0.08538818 0.99853516 0.24499512]
 [0.7709961  0.45874023 0.37963867]
 [0.2661163  0.86143017 0.1800662 ]
 [0.82185936 0.57086045 0.37429228]
 [0.27296633 0.88662815 0.7744729 ]
 [0.68656164 0.92090905 0.33394384]
 [0.11010742 0.53271484 0.11730957]
 [0.03482606 0.37758207 0.7692679 ]
 [0.58160293 0.81660587 0.33355695]
 [0.7035851  0.609056   0.12477696]
 [0.06863969 0.95441693 0.8355797 ]
 [0.49484563 0.7063388  0.14752507]
 [0.28198242 0.26464844 0.40429688]
 [0.34301758 0.6464844  0.5546875 ]
 [0.95241904 0.60798526 0.9660393 ]
 [0.94376093 0.9462067  0.1317036 ]
 [0.9710126  0.17144263 0.71676517]
 [0.5511612  0.05846429 0.3040455 ]
 [0.91748047 0.68603516 0.2841797 ]
 [0.28374234 0.04003314 0.9663012 ]
 [0.43045074 0.8714286  0.12320589]
 [0.28208554 0.9463624  0.57517326]
 [0.5546875  0.13635254 0.296875  ]
 [0.39698303 0.52398044 0.33125928]
 [0.3972168  0.32421875 0.265625  ]
 [0.93690354 0.42690563 0.64573693]
 [0.3902147  0.11484791 0.625286  ]
 [0.15224192 0.44407716 0.54544187]
 [0.73528725 0.15225022 0.70603853]
 [0.03027344 0.78271484 0.11010742]
 [0.3146917  0.34350497 0.41772828]
 [0.39147595 0.8347571  0.27012733]
 [0.262056   0.09038418 0.37980908]
 [0.5444336  0.99365234 0.48510742]
 [0.7679246  0.4816157  0.44541138]
 [0.05533381 0.5096457  0.9266859 ]
 [0.05958911 0.9502661  0.882504  ]
 [0.5688477  0.302829   0.1310142 ]
 [0.48769805 0.15462552 0.15097055]
 [0.21667439 0.02923438 0.9791543 ]
 [0.16857086 0.10393381 0.42760658]
 [0.46025833 0.5490322  0.2710769 ]
 [0.24202736 0.34161806 0.2667168 ]]
[[0.5   0.875]
 [0.625 0.125]
 [0.5   0.5  ]
 [0.125 0.5  ]
 [0.875 0.625]]
