MAP_X 16
MAP_Y 16
MAX_VALUE 1.0
MIN_VALUE 0.0
DATA [[0.62060546875, 0.5615234375, 0.99072265625], [0.71454113722, 0.32874572277, 0.0042713340372], [0.33966144919, 0.43514180183, 0.88463538885], [0.20089109242, 0.95279401541, 0.4514080584], [0.21600487828, 0.17807401717, 0.81796199083], [0.5693359375, 0.55908203125, 0.73046875], [0.6748046875, 0.87646484375, 0.064575195312], [0.3642655611, 0.31531760097, 0.98407399654], [0.63818359375, 0.051300048828, 0.87451171875], [0.57669568062, 0.42879801989, 0.62960851192], [0.59912109375, 0.142578125, 0.1845703125], [0.49389648438, 0.094116210938, 0.21630859375], [0.97444427013, 0.96691304445, 0.33800405264], [0.87970370054, 0.31512096524, 0.95818090439], [0.0020792903379, 0.73275136948, 0.2226190567], [0.91945129633, 0.51608717442, 0.4752651453], [0.83307516575, 0.34329521656, 0.19842027128], [0.96064704657, 0.71253663301, 0.76265257597], [0.812736094, 0.96268010139, 0.28132730722], [0.90329748392, 0.26880246401, 0.71126109362], [0.014338790439, 0.42927497625, 0.04805374518], [0.14702306688, 0.1035593152, 0.27985751629], [0.63525390625, 0.53564453125, 0.20764160156], [0.3495990634, 0.45028701425, 0.39071547985], [0.16564941406, 0.376953125, 0.22033691406], [0.8222104311, 0.67325913906, 0.1847255826], [0.18444517255, 0.105422616, 0.41880875826], [0.28776070476, 0.80566322803, 0.035233527422], [0.55517578125, 0.49975585938, 0.23022460938], [0.90170252323, 0.26192218065, 0.55148309469], [0.78121703863, 0.66405129433, 0.67577749491], [0.089101716876, 0.05721770227, 0.0073830652982], [0.8727414012, 0.24001984298, 0.93759018183], [0.27669689059, 0.91498482227, 0.84918689728], [0.29500171542, 0.15916997194, 0.22376580536], [0.052859395742, 0.0074068200774, 0.29191276431], [0.82665473223, 0.44602647424, 0.11155082285], [0.59582769871, 0.88088363409, 0.55059677362], [0.099548339844, 0.25048828125, 0.1494140625], [0.26957833767, 0.95109534264, 0.24765713513], [0.25, 0.64208984375, 0.32348632812], [0.4696816206, 0.32034245133, 0.97773498297], [0.79052734375, 0.87890625, 0.8671875], [0.61441713572, 0.87877333164, 0.34275481105], [0.53558379412, 0.16134278476, 0.10379572958], [0.310546875, 0.39282226562, 0.2861328125], [0.5849609375, 0.37426757812, 0.48046875], [0.35812944174, 0.26479935646, 0.95157843828], [0.47877123952, 0.69305872917, 0.1993842721], [0.20959472656, 0.38647460938, 0.31274414062], [0.070640541613, 0.058364693075, 0.38105872273], [0.4404296875, 0.54443359375, 0.888671875], [0.70160627365, 0.36798244715, 0.57291740179], [0.56690758467, 0.75448662043, 0.49466246367], [0.68760663271, 0.76539975405, 0.89944076538], [0.37274885178, 0.87412577868, 0.52100753784], [0.80530369282, 0.95302212238, 0.71547424793], [0.58251798153, 0.29544949532, 0.73200643063], [0.67919921875, 0.55419921875, 0.8251953125], [0.83731591702, 0.75789064169, 0.064211048186], [0.67333984375, 0.57470703125, 0.041320800781], [0.72220140696, 0.86587488651, 0.4930139482], [0.42901858687, 0.60562777519, 0.79619860649], [0.22682969272, 0.056888468564, 0.46231600642], [0.49952828884, 0.58706402779, 0.90545606613], [0.81483238935, 0.69355070591, 0.40444859862], [0.29848909378, 0.33788251877, 0.22055396438], [0.61688160896, 0.48241627216, 0.56100702286], [0.62744140625, 0.84716796875, 0.96826171875], [0.42023599148, 0.7243398428, 0.47208765149], [0.26820078492, 0.963126719, 0.53550821543], [0.63623046875, 0.8310546875, 0.7939453125], [0.49709311128, 0.22125470638, 0.54234015942], [0.17858153582, 0.2584964335, 0.63443171978], [0.74426078796, 0.43327543139, 0.46686771512], [0.42386239767, 0.40487006307, 0.16443885863], [0.15346848965, 0.95769536495, 0.24281166494], [0.92281651497, 0.5597884655, 0.060705304146], [0.26866093278, 0.50282388926, 0.18043106794], [0.02884830907, 0.98267811537, 0.49755325913], [0.6792935133, 0.20874679089, 0.47288116813], [0.63177102804, 0.58093047142, 0.3602167666], [0.24137064815, 0.77739089727, 0.28283852339], [0.23203809559, 0.90417462587, 0.30748784542], [0.84592610598, 0.16988021135, 0.40543624759], [0.71349990368, 0.31008303165, 0.264826864], [0.94864714146, 0.47723352909, 0.9129820466], [0.75940275192, 0.01877938211, 0.22928498685], [0.34701612592, 0.38020047545, 0.14304977655], [0.35180664062, 0.83251953125, 0.16467285156], [0.59694033861, 0.31018254161, 0.37264695764], [0.75924420357, 0.87879008055, 0.034068580717], [0.48390981555, 0.09696611017, 0.61651426554], [0.23618844151, 0.73745596409, 0.32205972075], [0.91530114412, 0.65967446566, 0.71530795097], [0.020477294922, 0.7353515625, 0.96826171875], [0.60281687975, 0.26917588711, 0.5597165823], [0.5029296875, 0.5537109375, 0.023666381836], [0.80241280794, 0.83003389835, 0.95712453127], [0.435200423, 0.50138288736, 0.88230228424]]
OBSTACLE [[2, 2, 1, 1], [1, 7, 2, 1], [1, 12, 1, 3], [2, 13, 1, 1], [4, 11, 1, 1], [5, 8, 1, 2], [6, 1, 1, 1], [7, 13, 1, 3], [8, 10, 2, 1], [9, 3, 1, 1], [10, 6, 1, 1], [12, 8, 1, 1], [12, 9, 2, 1], [8, 10, 2, 1]]
STATION [[0.5, 0.5], [0.875, 0.75], [0.3125, 0.875], [0.875, 0.375], [0.125, 0.625]]
CHANNEL 3
NUM_UAV 2
INIT_POSITION (0, 14, 14)
MAX_ENERGY 40.0
NUM_ACTION 2
SAFE_ENERGY_RATE 0.2
RANGE 1.0
MAXDISTANCE 1.0
COLLECTION_PROPORTION 0.2
FILL_PROPORTION 0.2
WALL_REWARD -1.0
VISIT 0.001
DATA_REWARD 1.0
FILL_REWARD 1.0
ALPHA 1.0
BETA 0.1
EPSILON 0.0001
NORMALIZE 0.1
FACTOR 0.1
DiscreteToContinuous [[-1.0, -1.0], [-1.0, -0.5], [-1.0, 0.0], [-1.0, 0.5], [-1.0, 1.0], [-0.5, -1.0], [-0.5, -0.5], [-0.5, 0.0], [-0.5, 0.5], [-0.5, 1.0], [0.0, -1.0], [0.0, -0.5], [0.0, 0.0], [0.0, 0.5], [0.0, 1.0], [0.5, -1.0], [0.5, -0.5], [0.5, 0.0], [0.5, 0.5], [0.5, 1.0], [1.0, -1.0], [1.0, -0.5], [1.0, 0.0], [1.0, 0.5], [1.0, 1.0]]
[[0.62060547 0.56152344 0.99072266]
 [0.71454114 0.32874572 0.00427133]
 [0.33966145 0.4351418  0.8846354 ]
 [0.20089109 0.952794   0.45140806]
 [0.21600488 0.17807402 0.817962  ]
 [0.56933594 0.55908203 0.73046875]
 [0.6748047  0.87646484 0.0645752 ]
 [0.36426556 0.3153176  0.984074  ]
 [0.6381836  0.05130005 0.8745117 ]
 [0.5766957  0.42879802 0.6296085 ]
 [0.5991211  0.14257812 0.18457031]
 [0.49389648 0.09411621 0.2163086 ]
 [0.97444427 0.96691304 0.33800405]
 [0.8797037  0.31512097 0.9581809 ]
 [0.00207929 0.73275137 0.22261906]
 [0.9194513  0.5160872  0.47526515]
 [0.83307517 0.34329522 0.19842027]
 [0.96064705 0.71253663 0.7626526 ]
 [0.8127361  0.9626801  0.2813273 ]
 [0.9032975  0.26880246 0.7112611 ]
 [0.01433879 0.42927498 0.04805375]
 [0.14702307 0.10355932 0.27985752]
 [0.6352539  0.53564453 0.2076416 ]
 [0.34959906 0.450287   0.39071548]
 [0.16564941 0.37695312 0.22033691]
 [0.82221043 0.67325914 0.18472558]
 [0.18444517 0.10542262 0.41880876]
 [0.2877607  0.8056632  0.03523353]
 [0.5551758  0.49975586 0.23022461]
 [0.9017025  0.26192218 0.5514831 ]
 [0.78121704 0.6640513  0.6757775 ]
 [0.08910172 0.0572177  0.00738307]
 [0.8727414  0.24001984 0.9375902 ]
 [0.2766969  0.9149848  0.8491869 ]
 [0.29500172 0.15916997 0.2237658 ]
 [0.0528594  0.00740682 0.29191276]
 [0.82665473 0.44602647 0.11155082]
 [0.5958277  0.88088363 0.5505968 ]
 [0.09954834 0.25048828 0.14941406]
 [0.26957834 0.95109534 0.24765714]
 [0.25       0.64208984 0.32348633]
 [0.46968162 0.32034245 0.977735  ]
 [0.79052734 0.87890625 0.8671875 ]
 [0.61441714 0.87877333 0.3427548 ]
 [0.5355838  0.16134278 0.10379573]
 [0.31054688 0.39282227 0.2861328 ]
 [0.58496094 0.37426758 0.48046875]
 [0.35812944 0.26479936 0.95157844]
 [0.47877124 0.6930587  0.19938427]
 [0.20959473 0.3864746  0.31274414]
 [0.07064054 0.05836469 0.38105872]
 [0.4404297  0.5444336  0.8886719 ]
 [0.7016063  0.36798245 0.5729174 ]
 [0.5669076  0.7544866  0.49466246]
 [0.68760663 0.76539975 0.89944077]
 [0.37274885 0.8741258  0.52100754]
 [0.8053037  0.9530221  0.71547425]
 [0.582518   0.2954495  0.73200643]
 [0.6791992  0.5541992  0.8251953 ]
 [0.8373159  0.75789064 0.06421105]
 [0.67333984 0.57470703 0.0413208 ]
 [0.7222014  0.8658749  0.49301395]
 [0.4290186  0.6056278  0.7961986 ]
 [0.2268297  0.05688847 0.462316  ]
 [0.4995283  0.587064   0.90545607]
 [0.8148324  0.6935507  0.4044486 ]
 [0.2984891  0.33788252 0.22055396]
 [0.6168816  0.48241627 0.561007  ]
 [0.6274414  0.84716797 0.9682617 ]
 [0.420236   0.72433984 0.47208765]
 [0.26820078 0.9631267  0.5355082 ]
 [0.63623047 0.8310547  0.7939453 ]
 [0.4970931  0.2212547  0.54234016]
 [0.17858154 0.25849643 0.6344317 ]
 [0.7442608  0.43327543 0.46686772]
 [0.4238624  0.40487006 0.16443886]
 [0.15346849 0.95769536 0.24281166]
 [0.9228165  0.55978847 0.0607053 ]
 [0.26866093 0.5028239  0.18043107]
 [0.02884831 0.9826781  0.49755326]
 [0.6792935  0.20874679 0.47288117]
 [0.631771   0.5809305  0.36021677]
 [0.24137065 0.7773909  0.28283852]
 [0.2320381  0.9041746  0.30748785]
 [0.8459261  0.16988021 0.40543625]
 [0.7134999  0.31008303 0.26482686]
 [0.94864714 0.47723353 0.91298205]
 [0.75940275 0.01877938 0.22928499]
 [0.34701613 0.38020048 0.14304978]
 [0.35180664 0.83251953 0.16467285]
 [0.59694034 0.31018254 0.37264696]
 [0.7592442  0.8787901  0.03406858]
 [0.48390982 0.09696611 0.61651427]
 [0.23618844 0.73745596 0.32205972]
 [0.91530114 0.65967447 0.71530795]
 [0.02047729 0.73535156 0.9682617 ]
 [0.6028169  0.2691759  0.5597166 ]
 [0.5029297  0.55371094 0.02366638]
 [0.8024128  0.8300339  0.95712453]
 [0.43520042 0.5013829  0.8823023 ]]
[[0.5    0.5   ]
 [0.875  0.75  ]
 [0.3125 0.875 ]
 [0.875  0.375 ]
 [0.125  0.625 ]]
