MAP_X 16
MAP_Y 16
MAX_VALUE 1.0
MIN_VALUE 0.0
DATA [[0.8125, 0.5068359375, 0.74560546875], [0.85977786779, 0.62944072485, 0.5722322464], [0.024035537615, 0.60363823175, 0.51639842987], [0.44843578339, 0.17979964614, 0.38937336206], [0.44473317266, 0.02192921564, 0.036427147686], [0.92563647032, 0.87755727768, 0.058648459613], [0.069763183594, 0.23645019531, 0.64697265625], [0.95641714334, 0.6278744936, 0.62279629707], [0.89945214987, 0.016193343326, 0.39625254273], [0.95644414425, 0.70875507593, 0.13337594271], [0.6552734375, 0.94384765625, 0.65087890625], [0.26642718911, 0.90072256327, 0.061463668942], [0.04449301213, 0.31521230936, 0.08014280349], [0.32666015625, 0.15380859375, 0.57275390625], [0.40788379312, 0.72685295343, 0.24274730682], [0.8291015625, 0.37060546875, 0.634765625], [0.068844877183, 0.39575064182, 0.77099716663], [0.5947265625, 0.9677734375, 0.40258789062], [0.01686049439, 0.40047523379, 0.53489118814], [0.83523488045, 0.76312059164, 0.82058662176], [0.5341796875, 0.08349609375, 0.89208984375], [0.23878093064, 0.87567341328, 0.81798440218], [0.39744269848, 0.041896387935, 0.73279005289], [0.26171910763, 0.23305940628, 0.10716769844], [0.036044310778, 0.36192131042, 0.2089535594], [0.10055948049, 0.093843139708, 0.049898643047], [0.12401039898, 0.75383174419, 0.90818113089], [0.90285789967, 0.18139582872, 0.65706926584], [0.087816856802, 0.49344098568, 0.64360886812], [0.591796875, 0.95751953125, 0.49853515625], [0.14953613281, 0.59423828125, 0.0014514923096], [0.56121724844, 0.97722542286, 0.79617297649], [0.51025390625, 0.8896484375, 0.042877197266], [0.84485650063, 0.54678249359, 0.2552165091], [0.29948991537, 0.0075422553346, 0.37717431784], [0.007022857666, 0.63232421875, 0.21691894531], [0.018859863281, 0.5654296875, 0.9951171875], [0.024948120117, 0.081298828125, 0.23059082031], [0.80159807205, 0.64480757713, 0.91705703735], [0.14367675781, 0.71826171875, 0.72705078125], [0.81081271172, 0.69994848967, 0.76613295078], [0.13586425781, 0.78173828125, 0.60205078125], [0.36596679688, 0.55029296875, 0.6875], [0.04911518842, 0.069066509604, 0.068856321275], [0.77276837826, 0.98620545864, 0.82345670462], [0.44197613001, 0.61230707169, 0.40599957108], [0.75828379393, 0.99547123909, 0.6619052887], [0.82763671875, 0.46118164062, 0.80419921875], [0.10571289062, 0.97900390625, 0.43603515625], [0.051926467568, 0.52885091305, 0.81188315153], [0.154708758, 0.57245588303, 0.011891256087], [0.34504231811, 0.81957614422, 0.36303153634], [0.30464270711, 0.51285815239, 0.6638994813], [0.27726301551, 0.13410846889, 0.040945328772], [0.17754685879, 0.11818147451, 0.94314908981], [0.10974635929, 0.12352908403, 0.019772749394], [0.3882946074, 0.92141461372, 0.52388191223], [0.23501224816, 0.7334574461, 0.059259872884], [0.98869162798, 0.047657385468, 0.10866779834], [0.92960119247, 0.22808344662, 0.095251403749], [0.069599881768, 0.3483453095, 0.64614188671], [0.43492329121, 0.21054130793, 0.33068886399], [0.91748046875, 0.36254882812, 0.42456054688], [0.49419316649, 0.13067488372, 0.45355111361], [0.10858154297, 0.99365234375, 0.80419921875], [0.38330078125, 0.19140625, 0.9326171875], [0.60042023659, 0.0072158649564, 0.35806772113], [0.88832885027, 0.43151947856, 0.11422652751], [0.96395373344, 0.16467127204, 0.60355210304], [0.97881543636, 0.46281296015, 0.44632250071], [0.00861177966, 0.83454489708, 0.14018127322], [0.82268333435, 0.69821965694, 0.10211539268], [0.37490281463, 0.74492609501, 0.48403966427], [0.54394716024, 0.19739614427, 0.55607044697], [0.4021256566, 0.68938815594, 0.41732960939], [0.054656982422, 0.9482421875, 0.28198242188], [0.079833984375, 0.49365234375, 0.388671875], [0.013946533203, 0.22229003906, 0.24829101562], [0.24235184491, 0.11241146922, 0.54108434916], [0.084609240294, 0.73859268427, 0.49929124117]]
OBSTACLE [[2, 4, 10, 4], [8, 4, 4, 10]]
STATION [[0.875, 0.125], [0.875, 0.875], [0.125, 0.125], [0.375, 0.75], [0.125, 0.75]]
CHANNEL 3
NUM_UAV 2
INIT_POSITION (0, 14, 2)
MAX_ENERGY 40.0
NUM_ACTION 2
SAFE_ENERGY_RATE 0.2
RANGE 1.0
MAXDISTANCE 1.0
COLLECTION_PROPORTION 0.2
FILL_PROPORTION 0.2
WALL_REWARD -1.0
VISIT 0.001
DATA_REWARD 1.0
FILL_REWARD 1.0
ALPHA 1.0
BETA 0.1
EPSILON 0.0001
NORMALIZE 0.1
FACTOR 0.1
DiscreteToContinuous [[-1.0, -1.0], [-1.0, -0.5], [-1.0, 0.0], [-1.0, 0.5], [-1.0, 1.0], [-0.5, -1.0], [-0.5, -0.5], [-0.5, 0.0], [-0.5, 0.5], [-0.5, 1.0], [0.0, -1.0], [0.0, -0.5], [0.0, 0.0], [0.0, 0.5], [0.0, 1.0], [0.5, -1.0], [0.5, -0.5], [0.5, 0.0], [0.5, 0.5], [0.5, 1.0], [1.0, -1.0], [1.0, -0.5], [1.0, 0.0], [1.0, 0.5], [1.0, 1.0]]
[[0.8125     0.50683594 0.74560547]
 [0.85977787 0.6294407  0.57223225]
 [0.02403554 0.60363823 0.51639843]
 [0.44843578 0.17979965 0.38937336]
 [0.44473317 0.02192922 0.03642715]
 [0.9256365  0.8775573  0.05864846]
 [0.06976318 0.2364502  0.64697266]
 [0.95641714 0.6278745  0.6227963 ]
 [0.89945215 0.01619334 0.39625254]
 [0.95644414 0.7087551  0.13337594]
 [0.65527344 0.94384766 0.6508789 ]
 [0.2664272  0.90072256 0.06146367]
 [0.04449301 0.3152123  0.0801428 ]
 [0.32666016 0.1538086  0.5727539 ]
 [0.4078838  0.72685295 0.2427473 ]
 [0.82910156 0.37060547 0.6347656 ]
 [0.06884488 0.39575064 0.77099717]
 [0.59472656 0.96777344 0.4025879 ]
 [0.01686049 0.40047523 0.5348912 ]
 [0.8352349  0.7631206  0.8205866 ]
 [0.5341797  0.08349609 0.89208984]
 [0.23878093 0.8756734  0.8179844 ]
 [0.3974427  0.04189639 0.73279005]
 [0.2617191  0.2330594  0.1071677 ]
 [0.03604431 0.3619213  0.20895356]
 [0.10055948 0.09384314 0.04989864]
 [0.1240104  0.75383174 0.90818113]
 [0.9028579  0.18139583 0.65706927]
 [0.08781686 0.493441   0.64360887]
 [0.5917969  0.95751953 0.49853516]
 [0.14953613 0.5942383  0.00145149]
 [0.56121725 0.9772254  0.796173  ]
 [0.5102539  0.88964844 0.0428772 ]
 [0.8448565  0.5467825  0.2552165 ]
 [0.29948992 0.00754226 0.37717432]
 [0.00702286 0.6323242  0.21691895]
 [0.01885986 0.5654297  0.9951172 ]
 [0.02494812 0.08129883 0.23059082]
 [0.8015981  0.6448076  0.91705704]
 [0.14367676 0.7182617  0.7270508 ]
 [0.8108127  0.6999485  0.76613295]
 [0.13586426 0.7817383  0.6020508 ]
 [0.3659668  0.55029297 0.6875    ]
 [0.04911519 0.06906651 0.06885632]
 [0.7727684  0.98620546 0.8234567 ]
 [0.44197613 0.6123071  0.40599957]
 [0.7582838  0.99547124 0.6619053 ]
 [0.8276367  0.46118164 0.8041992 ]
 [0.10571289 0.9790039  0.43603516]
 [0.05192647 0.5288509  0.81188315]
 [0.15470876 0.5724559  0.01189126]
 [0.34504232 0.81957614 0.36303154]
 [0.3046427  0.51285815 0.6638995 ]
 [0.27726302 0.13410847 0.04094533]
 [0.17754686 0.11818147 0.9431491 ]
 [0.10974636 0.12352908 0.01977275]
 [0.3882946  0.9214146  0.5238819 ]
 [0.23501225 0.73345745 0.05925987]
 [0.9886916  0.04765739 0.1086678 ]
 [0.9296012  0.22808345 0.0952514 ]
 [0.06959988 0.3483453  0.6461419 ]
 [0.4349233  0.21054131 0.33068886]
 [0.91748047 0.36254883 0.42456055]
 [0.49419317 0.13067488 0.4535511 ]
 [0.10858154 0.99365234 0.8041992 ]
 [0.38330078 0.19140625 0.9326172 ]
 [0.60042024 0.00721586 0.35806772]
 [0.88832885 0.43151948 0.11422653]
 [0.96395373 0.16467127 0.6035521 ]
 [0.97881544 0.46281296 0.4463225 ]
 [0.00861178 0.8345449  0.14018127]
 [0.82268333 0.69821966 0.10211539]
 [0.3749028  0.7449261  0.48403966]
 [0.54394716 0.19739614 0.55607045]
 [0.40212566 0.68938816 0.4173296 ]
 [0.05465698 0.9482422  0.28198242]
 [0.07983398 0.49365234 0.38867188]
 [0.01394653 0.22229004 0.24829102]
 [0.24235184 0.11241147 0.54108435]
 [0.08460924 0.7385927  0.49929124]]
[[0.875 0.125]
 [0.875 0.875]
 [0.125 0.125]
 [0.375 0.75 ]
 [0.125 0.75 ]]
