MAP_X 16
MAP_Y 16
MAX_VALUE 1.0
MIN_VALUE 0.0
DATA [[0.59327185154, 0.66400974989, 0.94571495056], [0.21967352927, 0.71763908863, 0.95249676704], [0.20081570745, 0.17964059114, 0.28941762447], [0.64404296875, 0.12127685547, 0.08544921875], [0.49152046442, 0.88920396566, 0.09485283494], [0.34521484375, 0.6787109375, 0.13818359375], [0.56870776415, 0.37970346212, 0.91864496469], [0.51904296875, 0.6484375, 0.5341796875], [0.79150390625, 0.31958007812, 0.061401367188], [0.42111194134, 0.85151261091, 0.17911484838], [0.71923828125, 0.066467285156, 0.87353515625], [0.69542473555, 0.95705717802, 0.70528155565], [0.5478515625, 0.43627929688, 0.34985351562], [0.80615234375, 0.78564453125, 0.73388671875], [0.65869140625, 0.030838012695, 0.869140625], [0.46432957053, 0.94086891413, 0.34351670742], [0.99619632959, 0.35610339046, 0.14147511125], [0.643001616, 0.97760605812, 0.083981744945], [0.50146484375, 0.6748046875, 0.9814453125], [0.99892544746, 0.95289218426, 0.89121907949], [0.080582693219, 0.71469032764, 0.38980346918], [0.046295166016, 0.17102050781, 0.26220703125], [0.64208984375, 0.067810058594, 0.6904296875], [0.89044481516, 0.80101191998, 0.84285223484], [0.52165019512, 0.43898993731, 0.8644977212], [0.83068686724, 0.90194457769, 0.92831927538], [0.0063438415527, 0.23974609375, 0.073974609375], [0.80322265625, 0.18994140625, 0.88330078125], [0.86636644602, 0.020248247311, 0.065359510481], [0.4951171875, 0.947265625, 0.5244140625], [0.498046875, 0.5126953125, 0.0013933181763], [0.82568359375, 0.12036132812, 0.36108398438], [0.58590239286, 0.32357719541, 0.35659742355], [0.16394042969, 0.24963378906, 0.6923828125], [0.081274576485, 0.18193434179, 0.477229774], [0.9775390625, 0.310546875, 0.83740234375], [0.69041407108, 0.97862744331, 0.15839202702], [0.71044921875, 0.019882202148, 0.32177734375], [0.31853672862, 0.28468978405, 0.72459810972], [0.24335600436, 0.33725577593, 0.59089505672], [0.56506121159, 0.54896962643, 0.66443157196], [0.29876193404, 0.9054852128, 0.23622040451], [0.96630859375, 0.075988769531, 0.96923828125], [0.072814941406, 0.990234375, 0.63330078125], [0.31920278072, 0.66722106934, 0.65915441513], [0.079229861498, 0.00090125959832, 0.2626593411], [0.396484375, 0.55419921875, 0.0039443969727], [0.43341943622, 0.96121168137, 0.90494567156], [0.50055712461, 0.62016612291, 0.76733535528], [0.81450456381, 0.91834616661, 0.81499886513], [0.72244596481, 0.0095400018618, 0.46268332005], [0.82080930471, 0.33823567629, 0.68530374765], [0.66596722603, 0.27615973353, 0.95115095377], [0.68071979284, 0.070002637804, 0.39495903254], [0.5986328125, 0.39306640625, 0.44506835938], [0.86697757244, 0.20400731266, 0.15961614251], [0.053985595703, 0.23559570312, 0.6044921875], [0.4814453125, 0.091796875, 0.81494140625], [0.39370200038, 0.91023719311, 0.45232954621], [0.022870188579, 0.34442219138, 0.27629035711], [0.46899414062, 0.32080078125, 0.96826171875], [0.396484375, 0.70166015625, 0.8115234375], [0.020625341684, 0.9553669095, 0.65501439571], [0.54613864422, 0.66009956598, 0.65772396326], [0.12805175781, 0.26293945312, 0.9296875], [0.42162668705, 0.32765337825, 0.39016464353], [0.71923828125, 0.94677734375, 0.52197265625], [0.56181395054, 0.45682504773, 0.41312813759], [0.5339435935, 0.40470039845, 0.13661284745], [0.43470385671, 0.94527214766, 0.22116370499], [0.74802476168, 0.085348173976, 0.1314393729], [0.57861328125, 0.47900390625, 0.33862304688], [0.29863265157, 0.66620391607, 0.61954557896], [0.65432631969, 0.19106346369, 0.10279455781], [0.20089176297, 0.084544546902, 0.48120972514], [0.75337946415, 0.047449909151, 0.31243988872], [0.63525390625, 0.99560546875, 0.8974609375], [0.68310546875, 0.306640625, 0.049163818359], [0.681640625, 0.22790527344, 0.45776367188], [0.45795357227, 0.57282584906, 0.84758573771], [0.29679477215, 0.90635442734, 0.3934494555], [0.99267578125, 0.92236328125, 0.12084960938], [0.11653505266, 0.94598674774, 0.22432264686], [0.35302734375, 0.71923828125, 0.48364257812], [0.56418681145, 0.89438951015, 0.43084618449], [0.41357421875, 0.34741210938, 0.90234375], [0.27465820312, 0.94970703125, 0.6826171875], [0.098276816308, 0.9501926899, 0.18995507061], [0.8124217391, 0.93266808987, 0.6673784852], [0.44018554688, 0.5537109375, 0.51953125], [0.53759765625, 0.8115234375, 0.59228515625], [0.76560765505, 0.35630348325, 0.61083483696], [0.0077476501465, 0.015235900879, 0.72119140625], [0.65897315741, 0.28763496876, 0.58536690474], [0.46997070312, 0.61767578125, 0.90283203125], [0.65749949217, 0.96713286638, 0.18890918791], [0.29249095917, 0.33250287175, 0.47515812516], [0.505859375, 0.68798828125, 0.60009765625], [0.39721679688, 0.31201171875, 0.26538085938], [0.82300889492, 0.05973572284, 0.19945587218]]
OBSTACLE [[4, 0, 2, 4], [8, 0, 2, 4], [0, 6, 6, 4], [0, 12, 6, 2], [10, 6, 6, 6], [9, 12, 3, 2]]
STATION [[0.5, 0.5], [0.0625, 0.6875], [0.4375, 0.0625], [0.9375, 0.9375], [0.0625, 0.9375]]
CHANNEL 3
NUM_UAV 2
INIT_POSITION (0, 14, 2)
MAX_ENERGY 40.0
NUM_ACTION 2
SAFE_ENERGY_RATE 0.2
RANGE 1.0
MAXDISTANCE 1.0
COLLECTION_PROPORTION 0.2
FILL_PROPORTION 0.2
WALL_REWARD -1.0
VISIT 0.001
DATA_REWARD 1.0
FILL_REWARD 1.0
ALPHA 1.0
BETA 0.1
EPSILON 0.0001
NORMALIZE 0.1
FACTOR 0.1
DiscreteToContinuous [[-1.0, -1.0], [-1.0, -0.5], [-1.0, 0.0], [-1.0, 0.5], [-1.0, 1.0], [-0.5, -1.0], [-0.5, -0.5], [-0.5, 0.0], [-0.5, 0.5], [-0.5, 1.0], [0.0, -1.0], [0.0, -0.5], [0.0, 0.0], [0.0, 0.5], [0.0, 1.0], [0.5, -1.0], [0.5, -0.5], [0.5, 0.0], [0.5, 0.5], [0.5, 1.0], [1.0, -1.0], [1.0, -0.5], [1.0, 0.0], [1.0, 0.5], [1.0, 1.0]]
[[5.93271852e-01 6.64009750e-01 9.45714951e-01]
 [2.19673529e-01 7.17639089e-01 9.52496767e-01]
 [2.00815707e-01 1.79640591e-01 2.89417624e-01]
 [6.44042969e-01 1.21276855e-01 8.54492188e-02]
 [4.91520464e-01 8.89203966e-01 9.48528349e-02]
 [3.45214844e-01 6.78710938e-01 1.38183594e-01]
 [5.68707764e-01 3.79703462e-01 9.18644965e-01]
 [5.19042969e-01 6.48437500e-01 5.34179688e-01]
 [7.91503906e-01 3.19580078e-01 6.14013672e-02]
 [4.21111941e-01 8.51512611e-01 1.79114848e-01]
 [7.19238281e-01 6.64672852e-02 8.73535156e-01]
 [6.95424736e-01 9.57057178e-01 7.05281556e-01]
 [5.47851562e-01 4.36279297e-01 3.49853516e-01]
 [8.06152344e-01 7.85644531e-01 7.33886719e-01]
 [6.58691406e-01 3.08380127e-02 8.69140625e-01]
 [4.64329571e-01 9.40868914e-01 3.43516707e-01]
 [9.96196330e-01 3.56103390e-01 1.41475111e-01]
 [6.43001616e-01 9.77606058e-01 8.39817449e-02]
 [5.01464844e-01 6.74804688e-01 9.81445312e-01]
 [9.98925447e-01 9.52892184e-01 8.91219079e-01]
 [8.05826932e-02 7.14690328e-01 3.89803469e-01]
 [4.62951660e-02 1.71020508e-01 2.62207031e-01]
 [6.42089844e-01 6.78100586e-02 6.90429688e-01]
 [8.90444815e-01 8.01011920e-01 8.42852235e-01]
 [5.21650195e-01 4.38989937e-01 8.64497721e-01]
 [8.30686867e-01 9.01944578e-01 9.28319275e-01]
 [6.34384155e-03 2.39746094e-01 7.39746094e-02]
 [8.03222656e-01 1.89941406e-01 8.83300781e-01]
 [8.66366446e-01 2.02482473e-02 6.53595105e-02]
 [4.95117188e-01 9.47265625e-01 5.24414062e-01]
 [4.98046875e-01 5.12695312e-01 1.39331818e-03]
 [8.25683594e-01 1.20361328e-01 3.61083984e-01]
 [5.85902393e-01 3.23577195e-01 3.56597424e-01]
 [1.63940430e-01 2.49633789e-01 6.92382812e-01]
 [8.12745765e-02 1.81934342e-01 4.77229774e-01]
 [9.77539062e-01 3.10546875e-01 8.37402344e-01]
 [6.90414071e-01 9.78627443e-01 1.58392027e-01]
 [7.10449219e-01 1.98822021e-02 3.21777344e-01]
 [3.18536729e-01 2.84689784e-01 7.24598110e-01]
 [2.43356004e-01 3.37255776e-01 5.90895057e-01]
 [5.65061212e-01 5.48969626e-01 6.64431572e-01]
 [2.98761934e-01 9.05485213e-01 2.36220405e-01]
 [9.66308594e-01 7.59887695e-02 9.69238281e-01]
 [7.28149414e-02 9.90234375e-01 6.33300781e-01]
 [3.19202781e-01 6.67221069e-01 6.59154415e-01]
 [7.92298615e-02 9.01259598e-04 2.62659341e-01]
 [3.96484375e-01 5.54199219e-01 3.94439697e-03]
 [4.33419436e-01 9.61211681e-01 9.04945672e-01]
 [5.00557125e-01 6.20166123e-01 7.67335355e-01]
 [8.14504564e-01 9.18346167e-01 8.14998865e-01]
 [7.22445965e-01 9.54000186e-03 4.62683320e-01]
 [8.20809305e-01 3.38235676e-01 6.85303748e-01]
 [6.65967226e-01 2.76159734e-01 9.51150954e-01]
 [6.80719793e-01 7.00026378e-02 3.94959033e-01]
 [5.98632812e-01 3.93066406e-01 4.45068359e-01]
 [8.66977572e-01 2.04007313e-01 1.59616143e-01]
 [5.39855957e-02 2.35595703e-01 6.04492188e-01]
 [4.81445312e-01 9.17968750e-02 8.14941406e-01]
 [3.93702000e-01 9.10237193e-01 4.52329546e-01]
 [2.28701886e-02 3.44422191e-01 2.76290357e-01]
 [4.68994141e-01 3.20800781e-01 9.68261719e-01]
 [3.96484375e-01 7.01660156e-01 8.11523438e-01]
 [2.06253417e-02 9.55366910e-01 6.55014396e-01]
 [5.46138644e-01 6.60099566e-01 6.57723963e-01]
 [1.28051758e-01 2.62939453e-01 9.29687500e-01]
 [4.21626687e-01 3.27653378e-01 3.90164644e-01]
 [7.19238281e-01 9.46777344e-01 5.21972656e-01]
 [5.61813951e-01 4.56825048e-01 4.13128138e-01]
 [5.33943594e-01 4.04700398e-01 1.36612847e-01]
 [4.34703857e-01 9.45272148e-01 2.21163705e-01]
 [7.48024762e-01 8.53481740e-02 1.31439373e-01]
 [5.78613281e-01 4.79003906e-01 3.38623047e-01]
 [2.98632652e-01 6.66203916e-01 6.19545579e-01]
 [6.54326320e-01 1.91063464e-01 1.02794558e-01]
 [2.00891763e-01 8.45445469e-02 4.81209725e-01]
 [7.53379464e-01 4.74499092e-02 3.12439889e-01]
 [6.35253906e-01 9.95605469e-01 8.97460938e-01]
 [6.83105469e-01 3.06640625e-01 4.91638184e-02]
 [6.81640625e-01 2.27905273e-01 4.57763672e-01]
 [4.57953572e-01 5.72825849e-01 8.47585738e-01]
 [2.96794772e-01 9.06354427e-01 3.93449455e-01]
 [9.92675781e-01 9.22363281e-01 1.20849609e-01]
 [1.16535053e-01 9.45986748e-01 2.24322647e-01]
 [3.53027344e-01 7.19238281e-01 4.83642578e-01]
 [5.64186811e-01 8.94389510e-01 4.30846184e-01]
 [4.13574219e-01 3.47412109e-01 9.02343750e-01]
 [2.74658203e-01 9.49707031e-01 6.82617188e-01]
 [9.82768163e-02 9.50192690e-01 1.89955071e-01]
 [8.12421739e-01 9.32668090e-01 6.67378485e-01]
 [4.40185547e-01 5.53710938e-01 5.19531250e-01]
 [5.37597656e-01 8.11523438e-01 5.92285156e-01]
 [7.65607655e-01 3.56303483e-01 6.10834837e-01]
 [7.74765015e-03 1.52359009e-02 7.21191406e-01]
 [6.58973157e-01 2.87634969e-01 5.85366905e-01]
 [4.69970703e-01 6.17675781e-01 9.02832031e-01]
 [6.57499492e-01 9.67132866e-01 1.88909188e-01]
 [2.92490959e-01 3.32502872e-01 4.75158125e-01]
 [5.05859375e-01 6.87988281e-01 6.00097656e-01]
 [3.97216797e-01 3.12011719e-01 2.65380859e-01]
 [8.23008895e-01 5.97357228e-02 1.99455872e-01]]
[[0.5    0.5   ]
 [0.0625 0.6875]
 [0.4375 0.0625]
 [0.9375 0.9375]
 [0.0625 0.9375]]
