random
collection_list: [0.5607444056868554, 0.5928619503974915, 0.5475110453367233, 0.60757244348526, 0.6338933637738228, 0.520218254327774, 0.5584183305501937, 0.6194797399640083, 0.44640350103378296, 0.4856432035565376, 0.436669602394104, 0.5598971310257912, 0.4801802596449852, 0.468924874663353, 0.492562338411808, 0.581691669523716, 0.6066466468572617, 0.5569677722454071, 0.38656336784362794, 0.2517076349258423]
fairness_list: [0.6013781368732453, 0.6121225234985352, 0.5731459587097167, 0.6175097713470459, 0.6659283721923828, 0.5446156778971355, 0.5952437778049045, 0.6441256217956542, 0.4587746127446492, 0.5096302351951598, 0.4482298703193665, 0.5786758270263672, 0.52603480052948, 0.4861013094584147, 0.5220784919738769, 0.5897401695251464, 0.6260796104431153, 0.6042328603108724, 0.41130072164535525, 0.26902935892740887]
energy_list: [3.717668, 3.0423522, 3.0940826, 2.624733, 2.3317785, 2.9043837, 3.1548157, 2.667669, 2.5340235, 2.3356788, 2.2809286, 3.192154, 2.344705, 2.640987, 2.4350069, 2.453806, 3.4257896, 2.93818, 2.286358, 2.3526907]
efficiency_list: [0.07457061565215706, 0.0984020490291249, 0.07947304208336266, 0.1133483025118826, 0.1469016531366283, 0.07849041992172999, 0.08165388488807779, 0.118816868385634, 0.06235207754863122, 0.07728832988078393, 0.06733940438562262, 0.0803115379648847, 0.08791982410460428, 0.07105024401379109, 0.08458801198324162, 0.11453737194156284, 0.08894241591586724, 0.0886483081344163, 0.0637032092822543, 0.02417378731569151]

TSP
data collection ratio: [0.09948509931564331, 0.1959303617477417, 0.11739414930343628, 0.24630522727966309, 0.988656509667635, 0.29578691720962524, 0.34274154901504517, 0.838499590754509, 0.7696783244609833, 0.12600857019424438, 0.8789716809988022, 0.1492176651954651, 0.16572457551956177, 0.7091855704784393, 0.08549749851226807, 0.631598949432373, 0.5180007815361023, 0.6404764354228973, 0.12273114919662476, 0.1640021800994873]
geographical fairness: [0.13735006749629974, 0.3118805694580078, 0.24094118118286134, 0.32704383850097657, 0.9953289794921875, 0.46581787109375, 0.43626925150553386, 0.9046155548095703, 0.7892890930175781, 0.15377908945083618, 0.9572311401367187, 0.26166667938232424, 0.24000000953674316, 0.7152292251586914, 0.12944701194763183, 0.6430579662322998, 0.5237715911865234, 0.6750717163085938, 0.22087564468383789, 0.23837839762369792]
energy consumption: [2.0915987, 2.2282078, 2.0080526, 2.2430692, 2.2556682, 2.4956388, 2.5702953, 2.9345517, 2.777593, 1.9999981, 2.686617, 2.2885585, 2.1058135, 2.818235, 2.0686061, 2.4164877, 3.216417, 3.109593, 2.1153069, 1.9999965]
efficiency: [0.00567818826829254, 0.02231812969533759, 0.010545269994036873, 0.025106801318120785, 0.3514220284164477, 0.04250578945681676, 0.04241969796227233, 0.20069055798214627, 0.17007238949224068, 0.007582345266568457, 0.23562919377514802, 0.012265332716418813, 0.012394296890585075, 0.143711521261579, 0.004534955497460335, 0.13100381651067364, 0.06666220422773543, 0.1054394361180099, 0.009644748939325236, 0.014399392177903366]