MAP_X 16
MAP_Y 16
MAX_VALUE 1.0
MIN_VALUE 0.0
DATA [[0.99140119553, 0.22311273217, 0.59645938873], [0.347615242, 0.74505066872, 0.72536742687], [0.75244140625, 0.5224609375, 0.38623046875], [0.53728169203, 0.75541979074, 0.30111008883], [0.22888183594, 0.94384765625, 0.8896484375], [0.62519145012, 0.19104470313, 0.68883723021], [0.89111328125, 0.21118164062, 0.9677734375], [0.8493295908, 0.78816157579, 0.58413469791], [0.12944786251, 0.019150093198, 0.10947148502], [0.33258455992, 0.93344014883, 0.24454586208], [0.45524990559, 0.31826683879, 0.066131256521], [0.95935279131, 0.56751412153, 0.82611012459], [0.33983018994, 0.52995896339, 0.37023225427], [0.15314593911, 0.47007226944, 0.057440057397], [0.61045295, 0.90187722445, 0.9312106967], [0.38273200393, 0.18045753241, 0.90950518847], [0.30590510368, 0.52689367533, 0.32359883189], [0.7456882596, 0.67214512825, 0.82028371096], [0.047210693359, 0.4697265625, 0.41479492188], [0.60888671875, 0.76806640625, 0.73291015625], [0.33881655335, 0.0036587712821, 0.8103992939], [0.068050384521, 0.0462173298, 0.86730951071], [0.64951008558, 0.58001291752, 0.9559071064], [0.22898811102, 0.68988484144, 0.94617402554], [0.662109375, 0.552734375, 0.072631835938], [0.14587204158, 0.11123943329, 0.58969140053], [0.99600201845, 0.89279687405, 0.23184943199], [0.90402406454, 0.071088336408, 0.56631070375], [0.4272530973, 0.32270619273, 0.070968106389], [0.18604320288, 0.021669780836, 0.11593785882], [0.28540039062, 0.22644042969, 0.85791015625], [0.066345214844, 0.92041015625, 0.087585449219], [0.54874485731, 0.084172517061, 0.55937552452], [0.1349709779, 0.2599966526, 0.48310092092], [0.63352006674, 0.99910354614, 0.29034343362], [0.28289541602, 0.63986515999, 0.88266563416], [0.83301407099, 0.13167610765, 0.3767169714], [0.56819146872, 0.57002061605, 0.96483540535], [0.21766318381, 0.82596439123, 0.36273404956], [0.33583003283, 0.14563038945, 0.92138433456], [0.2094257921, 0.61259585619, 0.9153111577], [0.95166015625, 0.13305664062, 0.80810546875], [0.67824435234, 0.98050266504, 0.99353903532], [0.86989158392, 0.28915050626, 0.29618918896], [0.24657636881, 0.90613758564, 0.79670095444], [0.3115234375, 0.94921875, 0.32446289062], [0.58995997906, 0.41139656305, 0.17636056244], [0.074824392796, 0.47780549526, 0.48981487751], [0.57060468197, 0.56363576651, 0.43456125259], [0.1246304065, 0.036579437554, 0.76846516132]]
OBSTACLE [[0, 4, 1, 1], [0, 9, 1, 1], [0, 10, 2, 1], [2, 2, 2, 1], [5, 13, 1, 1], [6, 12, 2, 1], [10, 5, 3, 1], [11, 5, 1, 3], [10, 13, 1, 2], [11, 13, 2, 1], [12, 0, 1, 2], [12, 5, 1, 1], [12, 7, 1, 1], [15, 11, 1, 1]]
STATION [[0.75, 0.625], [0.25, 0.25], [0.0625, 0.9375], [0.9375, 0.0625], [0.875, 0.875]]
CHANNEL 3
NUM_UAV 2
INIT_POSITION (0, 10, 10)
MAX_ENERGY 40.0
NUM_ACTION 2
SAFE_ENERGY_RATE 0.2
RANGE 1.0
MAXDISTANCE 1.0
COLLECTION_PROPORTION 0.2
FILL_PROPORTION 0.2
WALL_REWARD -1.0
VISIT 0.001
DATA_REWARD 1.0
FILL_REWARD 1.0
ALPHA 1.0
BETA 0.1
EPSILON 0.0001
NORMALIZE 0.1
FACTOR 0.1
DiscreteToContinuous [[-1.0, -1.0], [-1.0, -0.5], [-1.0, 0.0], [-1.0, 0.5], [-1.0, 1.0], [-0.5, -1.0], [-0.5, -0.5], [-0.5, 0.0], [-0.5, 0.5], [-0.5, 1.0], [0.0, -1.0], [0.0, -0.5], [0.0, 0.0], [0.0, 0.5], [0.0, 1.0], [0.5, -1.0], [0.5, -0.5], [0.5, 0.0], [0.5, 0.5], [0.5, 1.0], [1.0, -1.0], [1.0, -0.5], [1.0, 0.0], [1.0, 0.5], [1.0, 1.0]]
[[0.9914012  0.22311273 0.5964594 ]
 [0.34761524 0.74505067 0.7253674 ]
 [0.7524414  0.52246094 0.38623047]
 [0.5372817  0.7554198  0.3011101 ]
 [0.22888184 0.94384766 0.88964844]
 [0.62519145 0.1910447  0.68883723]
 [0.8911133  0.21118164 0.96777344]
 [0.8493296  0.7881616  0.5841347 ]
 [0.12944786 0.01915009 0.10947149]
 [0.33258456 0.93344015 0.24454586]
 [0.4552499  0.31826684 0.06613126]
 [0.9593528  0.5675141  0.8261101 ]
 [0.3398302  0.52995896 0.37023225]
 [0.15314594 0.47007227 0.05744006]
 [0.61045295 0.9018772  0.9312107 ]
 [0.382732   0.18045753 0.9095052 ]
 [0.3059051  0.5268937  0.32359883]
 [0.74568826 0.6721451  0.8202837 ]
 [0.04721069 0.46972656 0.41479492]
 [0.6088867  0.7680664  0.73291016]
 [0.33881655 0.00365877 0.8103993 ]
 [0.06805038 0.04621733 0.8673095 ]
 [0.6495101  0.5800129  0.9559071 ]
 [0.22898811 0.68988484 0.946174  ]
 [0.6621094  0.5527344  0.07263184]
 [0.14587204 0.11123943 0.5896914 ]
 [0.996002   0.8927969  0.23184943]
 [0.90402406 0.07108834 0.5663107 ]
 [0.4272531  0.3227062  0.07096811]
 [0.1860432  0.02166978 0.11593786]
 [0.2854004  0.22644043 0.85791016]
 [0.06634521 0.92041016 0.08758545]
 [0.54874486 0.08417252 0.5593755 ]
 [0.13497098 0.25999665 0.48310092]
 [0.63352007 0.99910355 0.29034343]
 [0.28289542 0.63986516 0.88266563]
 [0.8330141  0.13167611 0.37671697]
 [0.56819147 0.5700206  0.9648354 ]
 [0.21766318 0.8259644  0.36273405]
 [0.33583003 0.14563039 0.92138433]
 [0.20942579 0.61259586 0.91531116]
 [0.95166016 0.13305664 0.80810547]
 [0.67824435 0.98050267 0.99353904]
 [0.8698916  0.2891505  0.2961892 ]
 [0.24657637 0.9061376  0.79670095]
 [0.31152344 0.94921875 0.3244629 ]
 [0.58996    0.41139656 0.17636056]
 [0.07482439 0.4778055  0.48981488]
 [0.5706047  0.56363577 0.43456125]
 [0.12463041 0.03657944 0.76846516]]
[[0.75   0.625 ]
 [0.25   0.25  ]
 [0.0625 0.9375]
 [0.9375 0.0625]
 [0.875  0.875 ]]
