MAP_X 16
MAP_Y 16
MAX_VALUE 1.0
MIN_VALUE 0.0
DATA [[0.462890625, 0.14489746094, 0.19348144531], [0.19329559803, 0.054651007056, 0.56082469225], [0.19868257642, 0.73434722424, 0.51781618595], [0.42504882812, 0.29516601562, 0.9111328125], [0.58167302608, 0.3292901814, 0.68216186762], [0.98087000847, 0.10383819789, 0.93954342604], [0.69921875, 0.44165039062, 0.26953125], [0.21574285626, 0.60301536322, 0.56153923273], [0.212890625, 0.5458984375, 0.875], [0.1355278939, 0.32582506537, 0.62160468102], [0.5791015625, 0.4287109375, 0.40869140625], [0.6533203125, 0.12548828125, 0.0085372924805], [0.91793549061, 0.80976569653, 0.40177494287], [0.93869978189, 0.012399579398, 0.89756000042], [0.14782714844, 0.13122558594, 0.26489257812], [0.92435568571, 0.97129976749, 0.0054333042353], [0.71875, 0.58642578125, 0.14892578125], [0.42724609375, 0.38110351562, 0.38891601562], [0.0019347355701, 0.019465664402, 0.38465103507], [0.11791992188, 0.48583984375, 0.68505859375], [0.89836782217, 0.082728989422, 0.99193316698], [0.021392822266, 0.10784912109, 0.505859375], [0.833984375, 0.931640625, 0.0458984375], [0.044249270111, 0.5099427104, 0.37084770203], [0.4065874815, 0.43349921703, 0.1903694123], [0.89623039961, 0.12434514612, 0.82667577267], [0.58435559273, 0.52253681421, 0.91463780403], [0.92208218575, 0.60502809286, 0.83544909954], [0.037874117494, 0.75917518139, 0.85761445761], [0.49037966132, 0.5047326088, 0.52451980114], [0.028747558594, 0.61083984375, 0.76025390625], [0.093963213265, 0.9740204215, 0.61825788021], [0.44289857149, 0.015045360662, 0.30250868201], [0.37908601761, 0.097058147192, 0.093916684389], [0.88432401419, 0.065049789846, 0.37894013524], [0.99243938923, 0.021747946739, 0.6951508522], [0.71875, 0.16613769531, 0.4677734375], [0.082199849188, 0.94801747799, 0.3291040957], [0.56762129068, 0.26088649035, 0.17109940946], [0.71380716562, 0.55536586046, 0.14008848369], [0.21752588451, 0.096631072462, 0.60960888863], [0.44111716747, 0.020551769063, 0.40864667296], [0.050323486328, 0.8779296875, 0.53076171875], [0.53410929441, 0.93168079853, 0.41920560598], [0.67763060331, 0.65491521358, 0.67070549726], [0.19060012698, 0.011020510457, 0.977014184], [0.10025090724, 0.64585590363, 0.79966145754], [0.48173218966, 0.40427422523, 0.72753661871], [0.22635762393, 0.15842679143, 0.32198390365], [0.9814453125, 0.7646484375, 0.54931640625], [0.99739027023, 0.80030697584, 0.45135942101], [0.6298828125, 0.3271484375, 0.673828125], [0.28870847821, 0.94941270351, 0.069198213518], [0.93017578125, 0.46606445312, 0.99365234375], [0.17730897665, 0.82521432638, 0.47724577785], [0.96889817715, 0.45670878887, 0.76586645842], [0.44715237617, 0.24702057242, 0.074173472822], [0.031843688339, 0.79849010706, 0.5786652565], [0.18871256709, 0.95512992144, 0.97460788488], [0.21057295799, 0.34811705351, 0.25455933809], [0.40209960938, 0.39819335938, 0.8857421875], [0.93716847897, 0.76575356722, 0.6331614852], [0.51385992765, 0.54753798246, 0.43255749345], [0.900390625, 0.603515625, 0.53076171875], [0.46211889386, 0.039413258433, 0.95692205429], [0.54024124146, 0.43092796206, 0.97106045485], [0.41137695312, 0.37573242188, 0.9111328125], [0.623046875, 0.2421875, 0.2470703125], [0.18586450815, 0.49375659227, 0.14692950249], [0.99951171875, 0.33203125, 0.3525390625], [0.47417163849, 0.57078748941, 0.43558636308], [0.41693413258, 0.92427927256, 0.99052864313], [0.96053630114, 0.46316891909, 0.37140899897], [0.73069882393, 0.39013963938, 0.93584376574], [0.36352539062, 0.970703125, 0.11376953125], [0.13275937736, 0.57950437069, 0.50641781092], [0.059112548828, 0.77734375, 0.31298828125], [0.10797119141, 0.8818359375, 0.10491943359], [0.66277259588, 0.22042155266, 0.19005730748], [0.18021456897, 0.016083013266, 0.93812179565], [0.084510847926, 0.52694284916, 0.78461700678], [0.081106424332, 0.18663410842, 0.66135013103], [0.88959765434, 0.35817447305, 0.9826066494], [0.55964237452, 0.15658868849, 0.46494024992], [0.21895812452, 0.91092485189, 0.56977373362], [0.23733128607, 0.96688377857, 0.23390467465], [0.079882614315, 0.50511294603, 0.057776529342], [0.77274513245, 0.10705631971, 0.99832206964], [0.69219321012, 0.4587546885, 0.47677576542], [0.3212890625, 0.040954589844, 0.88232421875], [0.15452836454, 0.80886679888, 0.34704491496], [0.067964099348, 0.64821207523, 0.76092380285], [0.59573203325, 0.7355697751, 0.37403506041], [0.084472857416, 0.22036790848, 0.80778777599], [0.61753964424, 0.70435202122, 0.22502495348], [0.055482216179, 0.39444699883, 0.5310407877], [0.012938683853, 0.25905123353, 0.58063852787], [0.967228055, 0.62602376938, 0.15667641163], [0.47881066799, 0.057712700218, 0.58292323351], [0.22322024405, 0.9603087306, 0.10933710635], [0.54015439749, 0.98335927725, 0.49122586846], [0.32368597388, 0.97484540939, 0.11319033056], [0.39904513955, 0.030897660181, 0.46146836877], [0.1310441047, 0.3048979938, 0.49461570382], [0.77921229601, 0.92737859488, 0.48785492778], [0.5556640625, 0.43725585938, 0.010856628418], [0.59206753969, 0.26955130696, 0.9964235425], [0.18520481884, 0.49809125066, 0.18059878051], [0.44862672687, 0.95067447424, 0.095714136958], [0.19897460938, 0.83984375, 0.9931640625], [0.43335387111, 0.71044433117, 0.41710093617], [0.8994140625, 0.13562011719, 0.96044921875], [0.85880881548, 0.96835666895, 0.25156798959], [0.052581787109, 0.87060546875, 0.8896484375], [0.9042891264, 0.38562339544, 0.87759160995], [0.82421875, 0.092041015625, 0.93017578125], [0.17102050781, 0.58447265625, 0.68896484375], [0.17761230469, 0.42993164062, 0.12512207031], [0.082754410803, 0.27161866426, 0.10576421022], [0.68701171875, 0.32177734375, 0.904296875]]
OBSTACLE [[4, 2, 2, 12], [4, 12, 10, 2], [12, 2, 2, 12]]
STATION [[0.125, 0.125], [0.5625, 0.125], [0.125, 0.875], [0.5625, 0.375], [0.5625, 0.625]]
CHANNEL 3
NUM_UAV 2
INIT_POSITION (0, 2, 2)
MAX_ENERGY 40.0
NUM_ACTION 2
SAFE_ENERGY_RATE 0.2
RANGE 1.0
MAXDISTANCE 1.0
COLLECTION_PROPORTION 0.2
FILL_PROPORTION 0.2
WALL_REWARD -1.0
VISIT 0.001
DATA_REWARD 1.0
FILL_REWARD 1.0
ALPHA 1.0
BETA 0.1
EPSILON 0.0001
NORMALIZE 0.1
FACTOR 0.1
DiscreteToContinuous [[-1.0, -1.0], [-1.0, -0.5], [-1.0, 0.0], [-1.0, 0.5], [-1.0, 1.0], [-0.5, -1.0], [-0.5, -0.5], [-0.5, 0.0], [-0.5, 0.5], [-0.5, 1.0], [0.0, -1.0], [0.0, -0.5], [0.0, 0.0], [0.0, 0.5], [0.0, 1.0], [0.5, -1.0], [0.5, -0.5], [0.5, 0.0], [0.5, 0.5], [0.5, 1.0], [1.0, -1.0], [1.0, -0.5], [1.0, 0.0], [1.0, 0.5], [1.0, 1.0]]
[[0.46289062 0.14489746 0.19348145]
 [0.1932956  0.05465101 0.5608247 ]
 [0.19868258 0.7343472  0.5178162 ]
 [0.42504883 0.29516602 0.9111328 ]
 [0.581673   0.32929018 0.68216187]
 [0.98087    0.1038382  0.9395434 ]
 [0.69921875 0.4416504  0.26953125]
 [0.21574286 0.60301536 0.56153923]
 [0.21289062 0.54589844 0.875     ]
 [0.1355279  0.32582507 0.6216047 ]
 [0.57910156 0.42871094 0.4086914 ]
 [0.6533203  0.12548828 0.00853729]
 [0.9179355  0.8097657  0.40177494]
 [0.9386998  0.01239958 0.89756   ]
 [0.14782715 0.13122559 0.26489258]
 [0.9243557  0.97129977 0.0054333 ]
 [0.71875    0.5864258  0.14892578]
 [0.4272461  0.38110352 0.38891602]
 [0.00193474 0.01946566 0.38465104]
 [0.11791992 0.48583984 0.6850586 ]
 [0.8983678  0.08272899 0.99193317]
 [0.02139282 0.10784912 0.5058594 ]
 [0.8339844  0.9316406  0.04589844]
 [0.04424927 0.5099427  0.3708477 ]
 [0.40658748 0.43349922 0.19036941]
 [0.8962304  0.12434515 0.8266758 ]
 [0.5843556  0.5225368  0.9146378 ]
 [0.9220822  0.6050281  0.8354491 ]
 [0.03787412 0.7591752  0.85761446]
 [0.49037966 0.5047326  0.5245198 ]
 [0.02874756 0.61083984 0.7602539 ]
 [0.09396321 0.9740204  0.6182579 ]
 [0.44289857 0.01504536 0.30250868]
 [0.37908602 0.09705815 0.09391668]
 [0.884324   0.06504979 0.37894014]
 [0.9924394  0.02174795 0.69515085]
 [0.71875    0.1661377  0.46777344]
 [0.08219985 0.9480175  0.3291041 ]
 [0.5676213  0.2608865  0.17109941]
 [0.71380717 0.55536586 0.14008848]
 [0.21752588 0.09663107 0.6096089 ]
 [0.44111717 0.02055177 0.40864667]
 [0.05032349 0.8779297  0.5307617 ]
 [0.5341093  0.9316808  0.4192056 ]
 [0.6776306  0.6549152  0.6707055 ]
 [0.19060013 0.01102051 0.9770142 ]
 [0.10025091 0.6458559  0.79966146]
 [0.4817322  0.40427423 0.7275366 ]
 [0.22635762 0.15842679 0.3219839 ]
 [0.9814453  0.76464844 0.5493164 ]
 [0.9973903  0.800307   0.45135942]
 [0.6298828  0.32714844 0.6738281 ]
 [0.28870848 0.9494127  0.06919821]
 [0.9301758  0.46606445 0.99365234]
 [0.17730898 0.8252143  0.47724578]
 [0.9688982  0.4567088  0.76586646]
 [0.44715238 0.24702057 0.07417347]
 [0.03184369 0.7984901  0.57866526]
 [0.18871257 0.9551299  0.9746079 ]
 [0.21057296 0.34811705 0.25455934]
 [0.4020996  0.39819336 0.8857422 ]
 [0.9371685  0.76575357 0.6331615 ]
 [0.5138599  0.547538   0.4325575 ]
 [0.9003906  0.6035156  0.5307617 ]
 [0.4621189  0.03941326 0.95692205]
 [0.54024124 0.43092796 0.97106045]
 [0.41137695 0.37573242 0.9111328 ]
 [0.6230469  0.2421875  0.24707031]
 [0.18586451 0.4937566  0.1469295 ]
 [0.9995117  0.33203125 0.35253906]
 [0.47417164 0.5707875  0.43558636]
 [0.41693413 0.9242793  0.99052864]
 [0.9605363  0.46316892 0.371409  ]
 [0.7306988  0.39013964 0.93584377]
 [0.3635254  0.9707031  0.11376953]
 [0.13275938 0.5795044  0.5064178 ]
 [0.05911255 0.77734375 0.31298828]
 [0.10797119 0.88183594 0.10491943]
 [0.6627726  0.22042155 0.19005731]
 [0.18021457 0.01608301 0.9381218 ]
 [0.08451085 0.52694285 0.784617  ]
 [0.08110642 0.18663411 0.66135013]
 [0.88959765 0.35817447 0.98260665]
 [0.5596424  0.15658869 0.46494025]
 [0.21895812 0.91092485 0.56977373]
 [0.23733129 0.9668838  0.23390467]
 [0.07988261 0.50511295 0.05777653]
 [0.77274513 0.10705632 0.99832207]
 [0.6921932  0.4587547  0.47677577]
 [0.32128906 0.04095459 0.8823242 ]
 [0.15452836 0.8088668  0.34704491]
 [0.0679641  0.6482121  0.7609238 ]
 [0.59573203 0.7355698  0.37403506]
 [0.08447286 0.22036791 0.8077878 ]
 [0.61753964 0.704352   0.22502495]
 [0.05548222 0.394447   0.5310408 ]
 [0.01293868 0.25905123 0.5806385 ]
 [0.96722806 0.62602377 0.15667641]
 [0.47881067 0.0577127  0.58292323]
 [0.22322024 0.96030873 0.10933711]
 [0.5401544  0.9833593  0.49122587]
 [0.32368597 0.9748454  0.11319033]
 [0.39904514 0.03089766 0.46146837]
 [0.1310441  0.304898   0.4946157 ]
 [0.7792123  0.9273786  0.48785493]
 [0.55566406 0.43725586 0.01085663]
 [0.59206754 0.2695513  0.99642354]
 [0.18520482 0.49809125 0.18059878]
 [0.44862673 0.9506745  0.09571414]
 [0.19897461 0.83984375 0.99316406]
 [0.43335387 0.71044433 0.41710094]
 [0.89941406 0.13562012 0.9604492 ]
 [0.8588088  0.96835667 0.251568  ]
 [0.05258179 0.87060547 0.88964844]
 [0.9042891  0.3856234  0.8775916 ]
 [0.82421875 0.09204102 0.9301758 ]
 [0.17102051 0.58447266 0.68896484]
 [0.1776123  0.42993164 0.12512207]
 [0.08275441 0.27161866 0.10576421]
 [0.6870117  0.32177734 0.9042969 ]]
[[0.125  0.125 ]
 [0.5625 0.125 ]
 [0.125  0.875 ]
 [0.5625 0.375 ]
 [0.5625 0.625 ]]
