MAP_X 16
MAP_Y 16
MAX_VALUE 1.0
MIN_VALUE 0.0
DATA [[0.57958984375, 0.45483398438, 0.17749023438], [0.22487947345, 0.0066349748522, 0.18889471889], [0.54567605257, 0.49116921425, 0.48941296339], [0.93922203779, 0.037319418043, 0.78452807665], [0.41597524285, 0.71857756376, 0.29102393985], [0.077697753906, 0.2919921875, 0.22741699219], [0.60205996037, 0.022935625166, 0.79742747545], [0.10227770358, 0.083738803864, 0.94165354967], [0.99377208948, 0.21753711998, 0.044522266835], [0.42211914062, 0.049652099609, 0.5185546875], [0.54074317217, 0.022356268018, 0.11675328016], [0.67018014193, 0.036629971117, 0.60012710094], [0.82308793068, 0.7553216815, 0.43391361833], [0.11278054118, 0.40853354335, 0.76080358028], [0.8317604661, 0.47029316425, 0.043398872018], [0.99715393782, 0.7168033123, 0.51917856932], [0.00099310476799, 0.26338475943, 0.28540477157], [0.63225311041, 0.033989176154, 0.33552271128], [0.80204313993, 0.22417904437, 0.50260144472], [0.46270790696, 0.97846257687, 0.58864849806], [0.15470418334, 0.073851972818, 0.3609072566], [0.86441755295, 0.3949303925, 0.094236932695], [0.40747070312, 0.0022048950195, 0.7568359375], [0.91427278519, 0.20901471376, 0.15957194567], [0.099210828543, 0.12985861301, 0.0011045312276], [0.75732421875, 0.42041015625, 0.6923828125], [0.45751953125, 0.4267578125, 0.18542480469], [0.67213881016, 0.17270688713, 0.77619630098], [0.50567883253, 0.57686942816, 0.5369746685], [0.3460919261, 0.59033095837, 0.94479781389], [0.28491210938, 0.011894226074, 0.3759765625], [0.58349609375, 0.088256835938, 0.98974609375], [0.38110655546, 0.82675558329, 0.82152575254], [0.35254821181, 0.13946729898, 0.066068351269], [0.951171875, 0.20532226562, 0.057373046875], [0.99679464102, 0.21579180658, 0.38653725386], [0.59376341105, 0.29189038277, 0.42720216513], [0.84172391891, 0.76800137758, 0.63423544168], [0.64178967476, 0.99223995209, 0.012013322674], [0.37255859375, 0.085571289062, 0.11480712891], [0.11399216205, 0.092963039875, 0.54351174831], [0.16088747978, 0.39420175552, 0.24641546607], [0.47314453125, 0.062255859375, 0.97509765625], [0.17854654789, 0.89941316843, 0.15366147459], [0.607421875, 0.2705078125, 0.85302734375], [0.54700726271, 0.00062429247191, 0.16921184957], [0.69902551174, 0.30582377315, 0.047147475183], [0.89686542749, 0.76734393835, 0.90785682201], [0.94994330406, 0.65192878246, 0.81256741285], [0.48761606216, 0.14031107724, 0.34879207611], [0.066178031266, 0.99132335186, 0.14088912308], [0.45471900702, 0.99121028185, 0.38604968786], [0.7216796875, 0.916015625, 0.578125], [0.83447265625, 0.8974609375, 0.84326171875], [0.45910263062, 0.92190414667, 0.4530903101], [0.38012695312, 0.8779296875, 0.88037109375], [0.6357421875, 0.7939453125, 0.6748046875], [0.015571594238, 0.015586853027, 0.31372070312], [0.642578125, 0.900390625, 0.29443359375], [0.16979980469, 0.53369140625, 0.35766601562], [0.92041015625, 0.951171875, 0.01985168457], [0.52392631769, 0.07338630408, 0.9735250473], [0.37451171875, 0.83056640625, 0.1884765625], [0.052111536264, 0.50036758184, 0.77166342735], [0.095131039619, 0.39623594284, 0.87536275387], [0.14520995319, 0.096820533276, 0.1270878613], [0.59975481033, 0.52886450291, 0.43519949913], [0.8193359375, 0.21337890625, 0.01806640625], [0.49613699317, 0.1590103209, 0.41293755174], [0.53323882818, 0.9464200139, 0.99584871531], [0.010976338759, 0.45793664455, 0.46340724826], [0.84105944633, 0.37689876556, 0.29233062267], [0.04623567313, 0.83971083164, 0.97211998701], [0.29620280862, 0.97603422403, 0.085972622037], [0.20675323904, 0.85226660967, 0.090965151787], [0.085029281676, 0.81341177225, 0.92308592796], [0.95842117071, 0.38579189777, 0.84569680691], [0.4410173595, 0.44070893526, 0.2072314471], [0.77152615786, 0.65616202354, 0.43429547548], [0.49438476562, 0.18090820312, 0.41723632812]]
OBSTACLE [[0, 9, 4, 3], [3, 4, 6, 2], [3, 4, 2, 5], [10, 7, 2, 5], [7, 10, 5, 2], [12, 8, 4, 2]]
STATION [[0.5, 0.5], [0.125, 0.875], [0.875, 0.875], [0.125, 0.125], [0.875, 0.125]]
CHANNEL 3
NUM_UAV 2
INIT_POSITION (0, 8, 8)
MAX_ENERGY 40.0
NUM_ACTION 2
SAFE_ENERGY_RATE 0.2
RANGE 1.0
MAXDISTANCE 1.0
COLLECTION_PROPORTION 0.2
FILL_PROPORTION 0.2
WALL_REWARD -1.0
VISIT 0.001
DATA_REWARD 1.0
FILL_REWARD 1.0
ALPHA 1.0
BETA 0.1
EPSILON 0.0001
NORMALIZE 0.1
FACTOR 0.1
DiscreteToContinuous [[-1.0, -1.0], [-1.0, -0.5], [-1.0, 0.0], [-1.0, 0.5], [-1.0, 1.0], [-0.5, -1.0], [-0.5, -0.5], [-0.5, 0.0], [-0.5, 0.5], [-0.5, 1.0], [0.0, -1.0], [0.0, -0.5], [0.0, 0.0], [0.0, 0.5], [0.0, 1.0], [0.5, -1.0], [0.5, -0.5], [0.5, 0.0], [0.5, 0.5], [0.5, 1.0], [1.0, -1.0], [1.0, -0.5], [1.0, 0.0], [1.0, 0.5], [1.0, 1.0]]
[[5.7958984e-01 4.5483398e-01 1.7749023e-01]
 [2.2487947e-01 6.6349749e-03 1.8889472e-01]
 [5.4567605e-01 4.9116921e-01 4.8941296e-01]
 [9.3922204e-01 3.7319418e-02 7.8452808e-01]
 [4.1597524e-01 7.1857756e-01 2.9102394e-01]
 [7.7697754e-02 2.9199219e-01 2.2741699e-01]
 [6.0205996e-01 2.2935625e-02 7.9742748e-01]
 [1.0227770e-01 8.3738804e-02 9.4165355e-01]
 [9.9377209e-01 2.1753712e-01 4.4522267e-02]
 [4.2211914e-01 4.9652100e-02 5.1855469e-01]
 [5.4074317e-01 2.2356268e-02 1.1675328e-01]
 [6.7018014e-01 3.6629971e-02 6.0012710e-01]
 [8.2308793e-01 7.5532168e-01 4.3391362e-01]
 [1.1278054e-01 4.0853354e-01 7.6080358e-01]
 [8.3176047e-01 4.7029316e-01 4.3398872e-02]
 [9.9715394e-01 7.1680331e-01 5.1917857e-01]
 [9.9310477e-04 2.6338476e-01 2.8540477e-01]
 [6.3225311e-01 3.3989176e-02 3.3552271e-01]
 [8.0204314e-01 2.2417904e-01 5.0260144e-01]
 [4.6270791e-01 9.7846258e-01 5.8864850e-01]
 [1.5470418e-01 7.3851973e-02 3.6090726e-01]
 [8.6441755e-01 3.9493039e-01 9.4236933e-02]
 [4.0747070e-01 2.2048950e-03 7.5683594e-01]
 [9.1427279e-01 2.0901471e-01 1.5957195e-01]
 [9.9210829e-02 1.2985861e-01 1.1045312e-03]
 [7.5732422e-01 4.2041016e-01 6.9238281e-01]
 [4.5751953e-01 4.2675781e-01 1.8542480e-01]
 [6.7213881e-01 1.7270689e-01 7.7619630e-01]
 [5.0567883e-01 5.7686943e-01 5.3697467e-01]
 [3.4609193e-01 5.9033096e-01 9.4479781e-01]
 [2.8491211e-01 1.1894226e-02 3.7597656e-01]
 [5.8349609e-01 8.8256836e-02 9.8974609e-01]
 [3.8110656e-01 8.2675558e-01 8.2152575e-01]
 [3.5254821e-01 1.3946730e-01 6.6068351e-02]
 [9.5117188e-01 2.0532227e-01 5.7373047e-02]
 [9.9679464e-01 2.1579181e-01 3.8653725e-01]
 [5.9376341e-01 2.9189038e-01 4.2720217e-01]
 [8.4172392e-01 7.6800138e-01 6.3423544e-01]
 [6.4178967e-01 9.9223995e-01 1.2013323e-02]
 [3.7255859e-01 8.5571289e-02 1.1480713e-01]
 [1.1399216e-01 9.2963040e-02 5.4351175e-01]
 [1.6088748e-01 3.9420176e-01 2.4641547e-01]
 [4.7314453e-01 6.2255859e-02 9.7509766e-01]
 [1.7854655e-01 8.9941317e-01 1.5366147e-01]
 [6.0742188e-01 2.7050781e-01 8.5302734e-01]
 [5.4700726e-01 6.2429247e-04 1.6921185e-01]
 [6.9902551e-01 3.0582377e-01 4.7147475e-02]
 [8.9686543e-01 7.6734394e-01 9.0785682e-01]
 [9.4994330e-01 6.5192878e-01 8.1256741e-01]
 [4.8761606e-01 1.4031108e-01 3.4879208e-01]
 [6.6178031e-02 9.9132335e-01 1.4088912e-01]
 [4.5471901e-01 9.9121028e-01 3.8604969e-01]
 [7.2167969e-01 9.1601562e-01 5.7812500e-01]
 [8.3447266e-01 8.9746094e-01 8.4326172e-01]
 [4.5910263e-01 9.2190415e-01 4.5309031e-01]
 [3.8012695e-01 8.7792969e-01 8.8037109e-01]
 [6.3574219e-01 7.9394531e-01 6.7480469e-01]
 [1.5571594e-02 1.5586853e-02 3.1372070e-01]
 [6.4257812e-01 9.0039062e-01 2.9443359e-01]
 [1.6979980e-01 5.3369141e-01 3.5766602e-01]
 [9.2041016e-01 9.5117188e-01 1.9851685e-02]
 [5.2392632e-01 7.3386304e-02 9.7352505e-01]
 [3.7451172e-01 8.3056641e-01 1.8847656e-01]
 [5.2111536e-02 5.0036758e-01 7.7166343e-01]
 [9.5131040e-02 3.9623594e-01 8.7536275e-01]
 [1.4520995e-01 9.6820533e-02 1.2708786e-01]
 [5.9975481e-01 5.2886450e-01 4.3519950e-01]
 [8.1933594e-01 2.1337891e-01 1.8066406e-02]
 [4.9613699e-01 1.5901032e-01 4.1293755e-01]
 [5.3323883e-01 9.4642001e-01 9.9584872e-01]
 [1.0976339e-02 4.5793664e-01 4.6340725e-01]
 [8.4105945e-01 3.7689877e-01 2.9233062e-01]
 [4.6235673e-02 8.3971083e-01 9.7211999e-01]
 [2.9620281e-01 9.7603422e-01 8.5972622e-02]
 [2.0675324e-01 8.5226661e-01 9.0965152e-02]
 [8.5029282e-02 8.1341177e-01 9.2308593e-01]
 [9.5842117e-01 3.8579190e-01 8.4569681e-01]
 [4.4101736e-01 4.4070894e-01 2.0723145e-01]
 [7.7152616e-01 6.5616202e-01 4.3429548e-01]
 [4.9438477e-01 1.8090820e-01 4.1723633e-01]]
[[0.5   0.5  ]
 [0.125 0.875]
 [0.875 0.875]
 [0.125 0.125]
 [0.875 0.125]]
