MAP_X 16
MAP_Y 16
MAX_VALUE 1.0
MIN_VALUE 0.0
DATA [[0.890625, 0.52197265625, 0.576171875], [0.55132341385, 0.99246054888, 0.53793722391], [0.11771308631, 0.34273326397, 0.340072155], [0.40057206154, 0.18331407011, 0.72634631395], [0.84271931648, 0.54299628735, 0.80883139372], [0.58154296875, 0.818359375, 0.7978515625], [0.76520496607, 0.92350685596, 0.096284247935], [0.99226367474, 0.86033391953, 0.80129009485], [0.48168945312, 0.9150390625, 0.462890625], [0.51498019695, 0.22763589025, 0.12740433216], [0.98592597246, 0.77469146252, 0.040713585913], [0.38783526421, 0.59362453222, 0.53316468], [0.42563182116, 0.4942933619, 0.20259012282], [0.62548559904, 0.8316141367, 0.46549552679], [0.13828857243, 0.53398561478, 0.30388706923], [0.13781240582, 0.33729466796, 0.41188403964], [0.39397639036, 0.77214872837, 0.70964074135], [0.67115855217, 0.012012213469, 0.021907432005], [0.36955079436, 0.031438574195, 0.7732874155], [0.035949707031, 0.58984375, 0.22900390625], [0.95474934578, 0.66842228174, 0.95687055588], [0.31150716543, 0.95283567905, 0.38850009441], [0.98416376114, 0.715267241, 0.60797905922], [0.9677734375, 0.7529296875, 0.63916015625], [0.74509346485, 0.94542402029, 0.87137615681], [0.51598775387, 0.24686081707, 0.96265679598], [0.66796875, 0.44409179688, 0.6552734375], [0.3408203125, 0.096252441406, 0.62744140625], [0.080078125, 0.603515625, 0.15100097656], [0.96575558186, 0.51716738939, 0.010819337331], [0.61678218842, 0.054017871618, 0.33570995927], [0.65932559967, 0.9575906992, 0.37977567315], [0.70241558552, 0.3905877769, 0.75182020664], [0.42456054688, 0.19250488281, 0.055480957031], [0.7757307291, 0.28390452266, 0.58086913824], [0.041317828, 0.63018590212, 0.21841877699], [0.25934496522, 0.71572005749, 0.38352516294], [0.29552817345, 0.61628317833, 0.55407899618], [0.92041015625, 0.9453125, 0.62255859375], [0.67796307802, 0.31663152575, 0.63175570965], [0.60032600164, 0.48414441943, 0.66764223576], [0.8975148797, 0.27892947197, 0.084292262793], [0.341796875, 0.16674804688, 0.5400390625], [0.40358880162, 0.19307219982, 0.3932236135], [0.23761565983, 0.73342013359, 0.17877860367], [0.21612608433, 0.36237233877, 0.36175951362], [0.36672431231, 0.74242180586, 0.71190971136], [0.46189105511, 0.54051941633, 0.96896016598], [0.92866849899, 0.85418128967, 0.14884723723], [0.67919921875, 0.37548828125, 0.37255859375], [0.70898658037, 0.37807393074, 0.64995366335], [0.070422694087, 0.52684271336, 0.63485556841], [0.13089084625, 0.61553049088, 0.85771101713], [0.055599071085, 0.22182688117, 0.32855570316], [0.46684452891, 0.99613714218, 0.37576645613], [0.017671713606, 0.1731031388, 0.85822987556], [0.74516731501, 0.32513666153, 0.98149961233], [0.39876633883, 0.93700736761, 0.1205022037], [0.43621766567, 0.20109467208, 0.26582193375], [0.29350891709, 0.022638853639, 0.12653005123], [0.69091796875, 0.012992858887, 0.15966796875], [0.173828125, 0.10394287109, 0.65673828125], [0.45164048672, 0.01410928648, 0.70853447914], [0.6552734375, 0.091064453125, 0.779296875], [0.6943359375, 0.19348144531, 0.7685546875], [0.46428650618, 0.007367127575, 0.40353104472], [0.224148646, 0.70586842299, 0.17833796144], [0.83242177963, 0.30213430524, 0.87796503305], [0.67485433817, 0.10621677339, 0.96503788233], [0.45405107737, 0.90125358105, 0.20067621768], [0.6455078125, 0.904296875, 0.52392578125], [0.51803827286, 0.055402375758, 0.14075379074], [0.52978515625, 0.97021484375, 0.41772460938], [0.4040363431, 0.16187229753, 0.58803468943], [0.99669915438, 0.36836457253, 0.32585391402], [0.53271484375, 0.3828125, 0.16735839844], [0.6318359375, 0.92822265625, 0.14172363281], [0.96645599604, 0.61930602789, 0.7575340867], [0.60918915272, 0.81334787607, 0.7934576273], [0.35327148438, 0.19982910156, 0.14855957031]]
OBSTACLE [[2, 2, 3, 3], [4, 4, 2, 4], [4, 4, 4, 2], [12, 0, 4, 4], [0, 12, 4, 4], [11, 11, 3, 3], [10, 8, 2, 4], [8, 10, 4, 2]]
STATION [[0.5, 0.5], [0.125, 0.625], [0.875, 0.375], [0.0625, 0.0625], [0.9375, 0.9375]]
CHANNEL 3
NUM_UAV 2
INIT_POSITION (0, 15, 15)
MAX_ENERGY 40.0
NUM_ACTION 2
SAFE_ENERGY_RATE 0.2
RANGE 1.0
MAXDISTANCE 1.0
COLLECTION_PROPORTION 0.2
FILL_PROPORTION 0.2
WALL_REWARD -1.0
VISIT 0.001
DATA_REWARD 1.0
FILL_REWARD 1.0
ALPHA 1.0
BETA 0.1
EPSILON 0.0001
NORMALIZE 0.1
FACTOR 0.1
DiscreteToContinuous [[-1.0, -1.0], [-1.0, -0.5], [-1.0, 0.0], [-1.0, 0.5], [-1.0, 1.0], [-0.5, -1.0], [-0.5, -0.5], [-0.5, 0.0], [-0.5, 0.5], [-0.5, 1.0], [0.0, -1.0], [0.0, -0.5], [0.0, 0.0], [0.0, 0.5], [0.0, 1.0], [0.5, -1.0], [0.5, -0.5], [0.5, 0.0], [0.5, 0.5], [0.5, 1.0], [1.0, -1.0], [1.0, -0.5], [1.0, 0.0], [1.0, 0.5], [1.0, 1.0]]
[[0.890625   0.52197266 0.5761719 ]
 [0.5513234  0.99246055 0.5379372 ]
 [0.11771309 0.34273326 0.34007215]
 [0.40057206 0.18331407 0.7263463 ]
 [0.8427193  0.5429963  0.8088314 ]
 [0.58154297 0.8183594  0.79785156]
 [0.76520497 0.92350686 0.09628425]
 [0.9922637  0.8603339  0.8012901 ]
 [0.48168945 0.91503906 0.46289062]
 [0.5149802  0.22763589 0.12740433]
 [0.985926   0.77469146 0.04071359]
 [0.38783526 0.59362453 0.5331647 ]
 [0.42563182 0.49429336 0.20259012]
 [0.6254856  0.83161414 0.46549553]
 [0.13828857 0.5339856  0.30388707]
 [0.1378124  0.33729467 0.41188404]
 [0.3939764  0.7721487  0.70964074]
 [0.67115855 0.01201221 0.02190743]
 [0.3695508  0.03143857 0.7732874 ]
 [0.03594971 0.58984375 0.2290039 ]
 [0.95474935 0.6684223  0.95687056]
 [0.31150717 0.9528357  0.3885001 ]
 [0.98416376 0.71526724 0.60797906]
 [0.96777344 0.7529297  0.63916016]
 [0.74509346 0.945424   0.87137616]
 [0.51598775 0.24686082 0.9626568 ]
 [0.66796875 0.4440918  0.65527344]
 [0.3408203  0.09625244 0.6274414 ]
 [0.08007812 0.6035156  0.15100098]
 [0.9657556  0.5171674  0.01081934]
 [0.6167822  0.05401787 0.33570996]
 [0.6593256  0.9575907  0.37977567]
 [0.7024156  0.39058778 0.7518202 ]
 [0.42456055 0.19250488 0.05548096]
 [0.7757307  0.28390452 0.58086914]
 [0.04131783 0.6301859  0.21841878]
 [0.25934497 0.71572006 0.38352516]
 [0.29552817 0.6162832  0.554079  ]
 [0.92041016 0.9453125  0.6225586 ]
 [0.6779631  0.31663153 0.6317557 ]
 [0.600326   0.48414442 0.66764224]
 [0.8975149  0.27892947 0.08429226]
 [0.34179688 0.16674805 0.54003906]
 [0.4035888  0.1930722  0.3932236 ]
 [0.23761566 0.73342013 0.1787786 ]
 [0.21612608 0.36237234 0.3617595 ]
 [0.3667243  0.7424218  0.7119097 ]
 [0.46189106 0.5405194  0.96896017]
 [0.9286685  0.8541813  0.14884724]
 [0.6791992  0.37548828 0.3725586 ]
 [0.7089866  0.37807393 0.64995366]
 [0.07042269 0.5268427  0.63485557]
 [0.13089085 0.6155305  0.857711  ]
 [0.05559907 0.22182688 0.3285557 ]
 [0.46684453 0.99613714 0.37576646]
 [0.01767171 0.17310314 0.8582299 ]
 [0.7451673  0.32513666 0.9814996 ]
 [0.39876634 0.93700737 0.1205022 ]
 [0.43621767 0.20109467 0.26582193]
 [0.29350892 0.02263885 0.12653005]
 [0.69091797 0.01299286 0.15966797]
 [0.17382812 0.10394287 0.6567383 ]
 [0.4516405  0.01410929 0.7085345 ]
 [0.65527344 0.09106445 0.7792969 ]
 [0.69433594 0.19348145 0.7685547 ]
 [0.4642865  0.00736713 0.40353104]
 [0.22414865 0.7058684  0.17833796]
 [0.8324218  0.3021343  0.87796503]
 [0.67485434 0.10621677 0.9650379 ]
 [0.45405108 0.9012536  0.20067622]
 [0.6455078  0.9042969  0.5239258 ]
 [0.5180383  0.05540238 0.14075379]
 [0.52978516 0.97021484 0.4177246 ]
 [0.40403634 0.1618723  0.5880347 ]
 [0.99669915 0.36836457 0.3258539 ]
 [0.53271484 0.3828125  0.1673584 ]
 [0.63183594 0.92822266 0.14172363]
 [0.966456   0.619306   0.7575341 ]
 [0.60918915 0.8133479  0.7934576 ]
 [0.35327148 0.1998291  0.14855957]]
[[0.5    0.5   ]
 [0.125  0.625 ]
 [0.875  0.375 ]
 [0.0625 0.0625]
 [0.9375 0.9375]]
