MAP_X 16
MAP_Y 16
MAX_VALUE 1.0
MIN_VALUE 0.0
DATA [[0.31225585938, 0.86376953125, 0.73681640625], [0.62841796875, 0.28588867188, 0.90234375], [0.84228515625, 0.33911132812, 0.3583984375], [0.9736328125, 0.96630859375, 0.34765625], [0.82615345716, 0.77962750196, 0.79120618105], [0.7998046875, 0.23193359375, 0.57080078125], [0.17834472656, 0.38452148438, 0.17626953125], [0.85888671875, 0.9326171875, 0.80029296875], [0.65762555599, 0.76352995634, 0.030225783587], [0.68671649694, 0.9523037672, 0.14582785964], [0.20032000542, 0.88038986921, 0.47226247191], [0.42749023438, 0.23779296875, 0.057861328125], [0.3507527113, 0.99472856522, 0.33450910449], [0.60986328125, 0.6748046875, 0.841796875], [0.84276777506, 0.52954238653, 0.3451372087], [0.24633947015, 0.93429279327, 0.039604850113], [0.48095703125, 0.64013671875, 0.27661132812], [0.85498046875, 0.60107421875, 0.16857910156], [0.28836584091, 0.77730512619, 0.72440242767], [0.34312701225, 0.38095411658, 0.50858861208], [0.494140625, 0.4404296875, 0.94873046875], [0.85705262423, 0.22978824377, 0.41648462415], [0.36671739817, 0.58175867796, 0.56024879217], [0.80224609375, 0.55224609375, 0.6357421875], [0.474609375, 0.27978515625, 0.23620605469], [0.80909007788, 0.3447933197, 0.61551207304], [0.74579256773, 0.97154855728, 0.57295835018], [0.80859375, 0.59619140625, 0.6103515625], [0.82677614689, 0.27017122507, 0.3526237309], [0.59130859375, 0.8388671875, 0.69482421875], [0.77783203125, 0.64892578125, 0.8681640625], [0.18543592095, 0.6487531662, 0.57871055603], [0.22204589844, 0.52392578125, 0.65478515625], [0.80194061995, 0.51346307993, 0.81298059225], [0.060012854636, 0.91069275141, 0.42152652144], [0.82096797228, 0.9074395299, 0.63536423445], [0.41165688634, 0.161648646, 0.29943847656], [0.4696123898, 0.85884070396, 0.94853621721], [0.65576171875, 0.60205078125, 0.53662109375], [0.85498046875, 0.76513671875, 0.8505859375], [0.27303275466, 0.7849290967, 0.88118362427], [0.35546875, 0.873046875, 0.765625], [0.21451462805, 0.56882596016, 0.061075881124], [0.6455078125, 0.439453125, 0.60888671875], [0.49560546875, 0.16955566406, 0.31494140625], [0.35665243864, 0.43993747234, 0.63808965683], [0.86908042431, 0.92098361254, 0.78190952539], [0.69006562233, 0.76832228899, 0.19042691588], [0.16735839844, 0.9580078125, 0.388671875], [0.77783203125, 0.44946289062, 0.47998046875], [0.0077743530273, 0.91845703125, 0.68408203125], [0.19543457031, 0.68798828125, 0.50732421875], [0.80517578125, 0.58642578125, 0.42431640625], [0.46753820777, 0.39544865489, 0.48847594857], [0.49096679688, 0.5009765625, 0.017486572266], [0.65931868553, 0.48888140917, 0.47130808234], [0.57943075895, 0.90325933695, 0.43676295877], [0.14099121094, 0.61767578125, 0.63916015625], [0.2236328125, 0.48779296875, 0.30908203125], [0.38886409998, 0.54766517878, 0.71110266447], [0.0072389906272, 0.93114203215, 0.53667998314], [0.853515625, 0.47265625, 0.4931640625], [0.603515625, 0.966796875, 0.37377929688], [0.15942382812, 0.88720703125, 0.236328125], [0.587890625, 0.15869140625, 0.9873046875], [0.7001953125, 0.76904296875, 0.11499023438], [0.92236328125, 0.94140625, 0.55078125], [0.43223756552, 0.2315402776, 0.26428857446], [0.8564453125, 0.458984375, 0.29052734375], [0.41800895333, 0.92663741112, 0.73867976665], [0.48828125, 0.779296875, 0.62109375], [0.61399888992, 0.95141202211, 0.16406197846], [0.44829654694, 0.80915045738, 0.79800957441], [0.52197265625, 0.55419921875, 0.71044921875], [0.533203125, 0.86572265625, 0.052612304688], [0.50418055058, 0.63936412334, 0.90621960163], [0.18284039199, 0.76274740696, 0.6943063736], [0.55198180676, 0.80954051018, 0.56239593029], [0.64266443253, 0.24565121531, 0.61185735464], [0.45068359375, 0.5966796875, 0.061218261719]]
OBSTACLE [[0, 0, 16, 2], [0, 0, 2, 14], [14, 0, 2, 14], [4, 3, 1, 9], [4, 11, 8, 1], [11, 3, 1, 9], [6, 5, 4, 1], [6, 5, 1, 3], [9, 5, 1, 3]]
STATION [[0.5, 0.1875], [0.5, 0.875], [0.25, 0.875], [0.75, 0.875], [0.5, 0.4375]]
CHANNEL 3
NUM_UAV 2
INIT_POSITION (0, 8, 3)
MAX_ENERGY 40.0
NUM_ACTION 2
SAFE_ENERGY_RATE 0.2
RANGE 1.0
MAXDISTANCE 1.0
COLLECTION_PROPORTION 0.2
FILL_PROPORTION 0.2
WALL_REWARD -1.0
VISIT 0.001
DATA_REWARD 1.0
FILL_REWARD 1.0
ALPHA 1.0
BETA 0.1
EPSILON 0.0001
NORMALIZE 0.1
FACTOR 0.1
DiscreteToContinuous [[-1.0, -1.0], [-1.0, -0.5], [-1.0, 0.0], [-1.0, 0.5], [-1.0, 1.0], [-0.5, -1.0], [-0.5, -0.5], [-0.5, 0.0], [-0.5, 0.5], [-0.5, 1.0], [0.0, -1.0], [0.0, -0.5], [0.0, 0.0], [0.0, 0.5], [0.0, 1.0], [0.5, -1.0], [0.5, -0.5], [0.5, 0.0], [0.5, 0.5], [0.5, 1.0], [1.0, -1.0], [1.0, -0.5], [1.0, 0.0], [1.0, 0.5], [1.0, 1.0]]
[[0.31225586 0.86376953 0.7368164 ]
 [0.62841797 0.28588867 0.90234375]
 [0.84228516 0.33911133 0.35839844]
 [0.9736328  0.9663086  0.34765625]
 [0.82615346 0.7796275  0.7912062 ]
 [0.7998047  0.2319336  0.5708008 ]
 [0.17834473 0.38452148 0.17626953]
 [0.8588867  0.9326172  0.80029297]
 [0.65762556 0.76352996 0.03022578]
 [0.6867165  0.95230377 0.14582786]
 [0.20032    0.88038987 0.47226247]
 [0.42749023 0.23779297 0.05786133]
 [0.3507527  0.99472857 0.3345091 ]
 [0.6098633  0.6748047  0.8417969 ]
 [0.8427678  0.5295424  0.3451372 ]
 [0.24633947 0.9342928  0.03960485]
 [0.48095703 0.6401367  0.27661133]
 [0.85498047 0.6010742  0.1685791 ]
 [0.28836584 0.7773051  0.7244024 ]
 [0.343127   0.38095412 0.5085886 ]
 [0.49414062 0.4404297  0.94873047]
 [0.8570526  0.22978824 0.41648462]
 [0.3667174  0.5817587  0.5602488 ]
 [0.8022461  0.5522461  0.6357422 ]
 [0.47460938 0.27978516 0.23620605]
 [0.8090901  0.34479332 0.6155121 ]
 [0.74579257 0.97154856 0.57295835]
 [0.80859375 0.5961914  0.61035156]
 [0.82677615 0.27017123 0.35262373]
 [0.5913086  0.8388672  0.6948242 ]
 [0.77783203 0.6489258  0.86816406]
 [0.18543592 0.64875317 0.57871056]
 [0.2220459  0.5239258  0.65478516]
 [0.8019406  0.5134631  0.8129806 ]
 [0.06001285 0.91069275 0.42152652]
 [0.820968   0.90743953 0.63536423]
 [0.4116569  0.16164865 0.29943848]
 [0.4696124  0.8588407  0.9485362 ]
 [0.6557617  0.6020508  0.5366211 ]
 [0.85498047 0.7651367  0.85058594]
 [0.27303275 0.7849291  0.8811836 ]
 [0.35546875 0.8730469  0.765625  ]
 [0.21451463 0.56882596 0.06107588]
 [0.6455078  0.43945312 0.6088867 ]
 [0.49560547 0.16955566 0.3149414 ]
 [0.35665244 0.43993747 0.63808966]
 [0.8690804  0.9209836  0.7819095 ]
 [0.6900656  0.7683223  0.19042692]
 [0.1673584  0.9580078  0.38867188]
 [0.77783203 0.4494629  0.47998047]
 [0.00777435 0.91845703 0.68408203]
 [0.19543457 0.6879883  0.5073242 ]
 [0.8051758  0.5864258  0.4243164 ]
 [0.4675382  0.39544865 0.48847595]
 [0.4909668  0.50097656 0.01748657]
 [0.6593187  0.4888814  0.47130808]
 [0.57943076 0.90325934 0.43676296]
 [0.14099121 0.6176758  0.63916016]
 [0.22363281 0.48779297 0.30908203]
 [0.3888641  0.5476652  0.71110266]
 [0.00723899 0.93114203 0.53668   ]
 [0.8535156  0.47265625 0.49316406]
 [0.6035156  0.9667969  0.3737793 ]
 [0.15942383 0.88720703 0.23632812]
 [0.5878906  0.1586914  0.9873047 ]
 [0.7001953  0.76904297 0.11499023]
 [0.9223633  0.94140625 0.55078125]
 [0.43223757 0.23154028 0.26428857]
 [0.8564453  0.45898438 0.29052734]
 [0.41800895 0.9266374  0.73867977]
 [0.48828125 0.7792969  0.62109375]
 [0.6139989  0.951412   0.16406198]
 [0.44829655 0.80915046 0.7980096 ]
 [0.52197266 0.5541992  0.7104492 ]
 [0.5332031  0.86572266 0.0526123 ]
 [0.50418055 0.6393641  0.9062196 ]
 [0.18284039 0.7627474  0.6943064 ]
 [0.5519818  0.8095405  0.56239593]
 [0.64266443 0.24565122 0.61185735]
 [0.4506836  0.5966797  0.06121826]]
[[0.5    0.1875]
 [0.5    0.875 ]
 [0.25   0.875 ]
 [0.75   0.875 ]
 [0.5    0.4375]]
